1.0
0.0
0.1
0.08
0.03571428571428571
0.08571428571428572
0.24
0.03225806451612903
0.17391304347826086
0.2857142857142857
0.125
0.14285714285714285
0.09375
0.3448275862068966
0.42857142857142855
0.03125
0.09090909090909091
0.1875
0.17142857142857143
0.05
0.02857142857142857
0.14285714285714285
0.09090909090909091
0.2
0.7272727272727273
0.18181818181818182
0.2
0.06666666666666667
0.47058823529411764
0.2
0.08571428571428572
0.12903225806451613
0.1
0.16666666666666666
0.07407407407407407
0.1935483870967742
0.125
0.2
0.0
0.13333333333333333
0.21739130434782608
0.08695652173913043
0.0
0.05714285714285714
0.11428571428571428
0.05
0.07692307692307693
0.14705882352941177
0.15384615384615385
0.0
0.0
0.17142857142857143
0.0
0.0
0.11764705882352941
0.32142857142857145
0.14285714285714285
0.0
0.11428571428571428
0.1875
0.13636363636363635
0.0
0.22580645161290322
0.0
0.14285714285714285
0.125
0.2857142857142857
0.2857142857142857
0.08333333333333333
0.0
0.22857142857142856
0.09090909090909091
0.125
0.06666666666666667
0.4
0.2857142857142857
0.02857142857142857
0.0
0.23333333333333334
0.0
0.2222222222222222
0.0
1.0
0.2
0.1875
0.125
0.3125
0.0
0.1875
0.125
0.1875
0.0
0.125
0.125
0.125
0.125
0.3125
0.18181818181818182
0.125
0.125
0.0
0.25
0.0
0.18181818181818182
0.0
0.0
0.125
0.0
0.13333333333333333
0.0
0.125
0.25
0.0
0.125
0.0
0.1875
0.0625
0.0
0.1
0.125
0.0
0.125
0.125
0.3125
0.6875
0.25
0.125
0.0
0.125
0.125
0.16666666666666666
0.25
0.1875
0.0
0.0
0.0
0.0
0.0625
0.2222222222222222
0.1875
0.0
0.1875
0.1875
0.0
0.125
0.0
0.0
0.125
0.0
0.16666666666666666
0.2222222222222222
0.25
0.18181818181818182
0.125
0.0625
0.0
0.0625
0.4375
0.0
0.125
0.3333333333333333
0.0
0.1
0.2
1.0
0.2
0.2
0.1
0.0
0.2
0.1
0.3
0.0
0.2
0.3
0.2
0.5
0.2
0.5
0.4
0.2
0.0
0.0
0.0
0.2
0.0
0.0
0.0
0.0
0.5
0.0
0.7
0.5
0.0
0.2
0.0
0.2
0.3
0.2
0.1
0.0
0.0
0.3
0.2
0.0
0.2
0.5
0.2
0.1
0.3
0.4
0.2
0.25
0.3
0.0
0.0
0.0
0.1
0.0
0.2222222222222222
0.3
0.0
0.3
0.4
0.0
0.2
0.0
0.0
0.5
0.0
0.4
0.2222222222222222
0.6
0.3
0.4
0.1
0.0
0.1
0.0
0.0
0.4
0.2
0.0
0.08
0.1875
0.2
1.0
0.12
0.2
0.12
0.32
0.043478260869565216
0.36
0.08333333333333333
0.32
0.2
0.16
0.28
0.36
0.2727272727272727
0.24
0.16
0.1
0.16
0.14285714285714285
0.5454545454545454
0.16
0.18181818181818182
0.045454545454545456
0.6
0.2
0.23529411764705882
0.28
0.24
0.28
0.15
0.25
0.36
0.2
0.25
0.3
0.0
0.2
0.2608695652173913
0.17391304347826086
0.0
0.28
0.36
0.45
0.07692307692307693
0.16
0.24
0.4166666666666667
0.25
0.4
0.15384615384615385
0.0
0.23529411764705882
0.16
0.2
0.3333333333333333
0.2
0.375
0.13636363636363635
0.28
0.2
0.13636363636363635
0.0
0.1875
0.4
0.14285714285714285
0.16666666666666666
0.5555555555555556
0.16
0.45454545454545453
0.20833333333333334
0.36
0.2
0.2
0.08
0.0
0.12
0.16666666666666666
0.1111111111111111
0.03571428571428571
0.125
0.2
0.12
1.0
0.17857142857142858
0.04
0.17857142857142858
0.08695652173913043
0.14285714285714285
0.08333333333333333
0.35714285714285715
0.21428571428571427
0.21428571428571427
0.14285714285714285
0.10714285714285714
0.18181818181818182
0.21428571428571427
0.0
0.3
0.03571428571428571
0.07142857142857142
0.36363636363636365
0.25
0.09090909090909091
0.045454545454545456
0.0
0.13333333333333333
0.058823529411764705
0.25
0.32142857142857145
0.21428571428571427
0.35
0.16666666666666666
0.07407407407407407
0.07142857142857142
0.125
0.0
0.047619047619047616
0.13333333333333333
0.13043478260869565
0.17391304347826086
0.0
0.25
0.4642857142857143
0.1
0.0
0.75
0.23076923076923078
0.16666666666666666
0.25
0.4642857142857143
0.0
0.05263157894736842
0.058823529411764705
0.03571428571428571
0.03571428571428571
0.2222222222222222
0.14285714285714285
0.125
0.09090909090909091
0.07142857142857142
0.10714285714285714
0.22727272727272727
0.0
0.0625
0.32142857142857145
0.07142857142857142
0.16666666666666666
0.3333333333333333
0.35714285714285715
0.18181818181818182
0.4166666666666667
0.0
0.0
0.07142857142857142
0.10714285714285714
0.0625
0.10714285714285714
0.16666666666666666
0.1111111111111111
0.08571428571428572
0.3125
0.1
0.2
0.17857142857142858
1.0
0.16
0.22580645161290322
0.13043478260869565
0.1891891891891892
0.3333333333333333
0.2702702702702703
0.21875
0.13793103448275862
0.17142857142857143
0.21875
0.18181818181818182
0.1875
0.19444444444444445
0.1
0.14285714285714285
0.21428571428571427
0.09090909090909091
0.3333333333333333
0.2727272727272727
0.18181818181818182
0.6
0.0
0.29411764705882354
0.13333333333333333
0.2972972972972973
0.22580645161290322
0.15
0.25
0.1111111111111111
0.1935483870967742
0.2916666666666667
0.0
0.09523809523809523
0.26666666666666666
0.13043478260869565
0.34782608695652173
0.0
0.16216216216216217
0.3783783783783784
0.15
0.23076923076923078
0.08823529411764706
0.11538461538461539
0.25
0.0
0.16216216216216217
0.3076923076923077
0.10526315789473684
0.23529411764705882
0.2857142857142857
0.21621621621621623
0.0
0.40540540540540543
0.375
0.18181818181818182
0.1
0.16129032258064516
0.045454545454545456
0.14285714285714285
0.0625
0.40540540540540543
0.14285714285714285
0.08333333333333333
0.1111111111111111
0.13513513513513514
0.0
0.3333333333333333
0.2
0.2
0.08108108108108109
0.35135135135135137
0.0
0.1
0.25
0.2222222222222222
0.24
0.0
0.0
0.12
0.04
0.16
1.0
0.04
0.08695652173913043
0.36
0.2916666666666667
0.16
0.16
0.4
0.36
0.04
0.09090909090909091
0.2
0.08
0.05
0.04
0.14285714285714285
0.09090909090909091
0.12
0.45454545454545453
0.13636363636363635
0.2
0.0
0.23529411764705882
0.08
0.08
0.08
0.1
0.25
0.04
0.16
0.08333333333333333
0.0
0.047619047619047616
0.2
0.13043478260869565
0.13043478260869565
0.125
0.08
0.32
0.05
0.07692307692307693
0.12
0.04
0.08333333333333333
0.0
0.28
0.0
0.05263157894736842
0.058823529411764705
0.32
0.12
0.0
0.12
0.25
0.09090909090909091
0.08
0.2
0.09090909090909091
0.14285714285714285
0.0625
0.32
0.2857142857142857
0.0
0.0
0.2
0.0
0.125
0.12
0.4
0.52
0.04
0.125
0.24
0.0
0.1111111111111111
0.03225806451612903
0.1875
0.2
0.32
0.17857142857142858
0.22580645161290322
0.04
1.0
0.043478260869565216
0.25806451612903225
0.08333333333333333
0.25806451612903225
0.1935483870967742
0.13793103448275862
0.12903225806451613
0.4838709677419355
0.2727272727272727
0.22580645161290322
0.22580645161290322
0.15
0.06451612903225806
0.07142857142857142
0.18181818181818182
0.06666666666666667
0.09090909090909091
0.0
0.6
0.13333333333333333
0.17647058823529413
0.16666666666666666
0.1935483870967742
0.1935483870967742
0.3
0.08333333333333333
0.5185185185185185
0.06451612903225806
0.25
0.1
0.0
0.06666666666666667
0.2608695652173913
0.043478260869565216
0.125
0.3548387096774194
0.1935483870967742
0.25
0.15384615384615385
0.1935483870967742
0.23076923076923078
0.3333333333333333
0.25
0.12903225806451613
0.38461538461538464
0.0
0.11764705882352941
0.10714285714285714
0.25806451612903225
0.3333333333333333
0.16129032258064516
0.25
0.18181818181818182
0.16666666666666666
0.0967741935483871
0.2727272727272727
0.0
0.3125
0.1935483870967742
0.07142857142857142
0.16666666666666666
0.2222222222222222
0.12903225806451613
0.2727272727272727
0.2916666666666667
0.16666666666666666
0.2
0.0967741935483871
0.12903225806451613
0.0625
0.13333333333333333
0.16666666666666666
0.0
0.17391304347826086
0.125
0.1
0.043478260869565216
0.08695652173913043
0.13043478260869565
0.08695652173913043
0.043478260869565216
1.0
0.08695652173913043
0.043478260869565216
0.08695652173913043
0.08695652173913043
0.30434782608695654
0.2608695652173913
0.08695652173913043
0.09090909090909091
0.043478260869565216
0.08695652173913043
0.0
0.17391304347826086
0.0
0.0
0.21739130434782608
0.09090909090909091
0.09090909090909091
0.2
0.06666666666666667
0.058823529411764705
0.34782608695652173
0.17391304347826086
0.08695652173913043
0.05
0.08333333333333333
0.08695652173913043
0.13043478260869565
0.043478260869565216
0.2
0.047619047619047616
0.06666666666666667
0.13043478260869565
0.17391304347826086
0.0
0.30434782608695654
0.17391304347826086
0.0
0.07692307692307693
0.08695652173913043
0.043478260869565216
0.0
0.0
0.13043478260869565
0.0
0.0
0.0
0.08695652173913043
0.17391304347826086
0.0
0.34782608695652173
0.0625
0.2727272727272727
0.043478260869565216
0.043478260869565216
0.0
0.0
0.1875
0.13043478260869565
0.14285714285714285
0.0
0.0
0.21739130434782608
0.09090909090909091
0.043478260869565216
0.043478260869565216
0.2
0.08695652173913043
0.30434782608695654
0.0
0.08695652173913043
0.16666666666666666
0.1111111111111111
0.2857142857142857
0.1875
0.3
0.36
0.14285714285714285
0.1891891891891892
0.36
0.25806451612903225
0.08695652173913043
1.0
0.3333333333333333
0.20408163265306123
0.25
0.5172413793103449
0.4857142857142857
0.25
0.36363636363636365
0.34375
0.3611111111111111
0.05
0.2
0.42857142857142855
0.45454545454545453
0.16666666666666666
0.5454545454545454
0.2727272727272727
0.6
0.4666666666666667
0.4117647058823529
0.3333333333333333
0.3170731707317073
0.2903225806451613
0.35
0.25
0.18518518518518517
0.3548387096774194
0.3333333333333333
0.2
0.14285714285714285
0.26666666666666666
0.391304347826087
0.17391304347826086
0.1875
0.14634146341463414
0.32653061224489793
0.2
0.07692307692307693
0.17647058823529413
0.46153846153846156
0.4166666666666667
0.25
0.2653061224489796
0.23076923076923078
0.10526315789473684
0.23529411764705882
0.32142857142857145
0.23076923076923078
0.2222222222222222
0.3673469387755102
0.5625
0.22727272727272727
0.26666666666666666
0.25806451612903225
0.22727272727272727
0.14285714285714285
0.125
0.40816326530612246
0.2857142857142857
0.25
0.5555555555555556
0.30952380952380953
0.6363636363636364
0.375
0.13333333333333333
0.4
0.5918367346938775
0.07692307692307693
0.5
0.43333333333333335
0.16666666666666666
0.4444444444444444
0.125
0.0
0.0
0.08333333333333333
0.08333333333333333
0.3333333333333333
0.2916666666666667
0.08333333333333333
0.043478260869565216
0.3333333333333333
1.0
0.20833333333333334
0.125
0.16666666666666666
0.20833333333333334
0.08333333333333333
0.09090909090909091
0.16666666666666666
0.125
0.05
0.125
0.14285714285714285
0.0
0.125
0.2727272727272727
0.09090909090909091
0.2
0.0
0.11764705882352941
0.08333333333333333
0.16666666666666666
0.16666666666666666
0.2
0.16666666666666666
0.041666666666666664
0.08333333333333333
0.16666666666666666
0.0
0.09523809523809523
0.13333333333333333
0.043478260869565216
0.08695652173913043
0.125
0.08333333333333333
0.2916666666666667
0.05
0.07692307692307693
0.08333333333333333
0.08333333333333333
0.08333333333333333
0.0
0.25
0.0
0.10526315789473684
0.17647058823529413
0.16666666666666666
0.125
0.0
0.3333333333333333
0.125
0.09090909090909091
0.08333333333333333
0.25
0.13636363636363635
0.14285714285714285
0.0625
0.2916666666666667
0.14285714285714285
0.08333333333333333
0.0
0.125
0.0
0.125
0.041666666666666664
0.4
0.16666666666666666
0.125
0.125
0.16666666666666666
0.0
0.1111111111111111
0.14285714285714285
0.125
0.2
0.32
0.35714285714285715
0.2702702702702703
0.16
0.25806451612903225
0.08695652173913043
0.20408163265306123
0.20833333333333334
1.0
0.25
0.13793103448275862
0.22857142857142856
0.15625
0.36363636363636365
0.15625
0.08333333333333333
0.2
0.02857142857142857
0.07142857142857142
0.45454545454545453
0.2
0.18181818181818182
0.09090909090909091
0.6
0.26666666666666666
0.29411764705882354
0.2
0.2682926829268293
0.2903225806451613
0.35
0.16666666666666666
0.18518518518518517
0.12903225806451613
0.3333333333333333
0.1
0.047619047619047616
0.13333333333333333
0.21739130434782608
0.34782608695652173
0.1875
0.0975609756097561
0.2653061224489796
0.3
0.07692307692307693
0.2647058823529412
0.23076923076923078
0.4166666666666667
0.25
0.20408163265306123
0.15384615384615385
0.0
0.17647058823529413
0.25
0.1282051282051282
0.3333333333333333
0.12244897959183673
0.25
0.22727272727272727
0.3
0.1935483870967742
0.36363636363636365
0.14285714285714285
0.1875
0.22448979591836735
0.21428571428571427
0.16666666666666666
0.2222222222222222
0.2619047619047619
0.18181818181818182
0.5833333333333334
0.13333333333333333
0.2
0.061224489795918366
0.07692307692307693
0.1875
0.16666666666666666
0.16666666666666666
0.1111111111111111
0.09375
0.125
0.3
0.2
0.21428571428571427
0.21875
0.16
0.1935483870967742
0.08695652173913043
0.25
0.125
0.25
1.0
0.2413793103448276
0.28125
0.1875
0.36363636363636365
0.25
0.21875
0.05
0.125
0.14285714285714285
0.2727272727272727
0.16666666666666666
0.09090909090909091
0.09090909090909091
0.6
0.2
0.35294117647058826
0.3
0.21875
0.12903225806451613
0.2
0.4166666666666667
0.14814814814814814
0.06451612903225806
0.25
0.1
0.09523809523809523
0.26666666666666666
0.21739130434782608
0.2608695652173913
0.0
0.125
0.40625
0.2
0.07692307692307693
0.21875
0.11538461538461539
0.5
0.25
0.21875
0.23076923076923078
0.10526315789473684
0.11764705882352941
0.21428571428571427
0.21875
0.2222222222222222
0.125
0.1875
0.3181818181818182
0.16666666666666666
0.22580645161290322
0.13636363636363635
0.0
0.25
0.28125
0.2857142857142857
0.25
0.3333333333333333
0.21875
0.2727272727272727
0.3333333333333333
0.16666666666666666
0.2
0.21875
0.1875
0.0
0.23333333333333334
0.16666666666666666
0.0
0.3448275862068966
0.125
0.2
0.16
0.21428571428571427
0.13793103448275862
0.4
0.13793103448275862
0.30434782608695654
0.5172413793103449
0.16666666666666666
0.13793103448275862
0.2413793103448276
1.0
0.4827586206896552
0.13793103448275862
0.2727272727272727
0.4482758620689655
0.06896551724137931
0.1
0.10344827586206896
0.21428571428571427
0.2727272727272727
0.13793103448275862
0.5454545454545454
0.22727272727272727
0.2
0.13333333333333333
0.35294117647058826
0.3793103448275862
0.1724137931034483
0.1724137931034483
0.25
0.4166666666666667
0.14814814814814814
0.1724137931034483
0.08333333333333333
0.0
0.09523809523809523
0.2
0.30434782608695654
0.2608695652173913
0.0625
0.13793103448275862
0.3103448275862069
0.1
0.07692307692307693
0.3103448275862069
0.15384615384615385
0.16666666666666666
0.25
0.2413793103448276
0.0
0.10526315789473684
0.11764705882352941
0.21428571428571427
0.20689655172413793
0.2222222222222222
0.20689655172413793
0.3125
0.22727272727272727
0.13793103448275862
0.20689655172413793
0.09090909090909091
0.14285714285714285
0.125
0.41379310344827586
0.35714285714285715
0.25
0.2222222222222222
0.27586206896551724
0.18181818181818182
0.20833333333333334
0.10344827586206896
0.4
0.3793103448275862
0.034482758620689655
0.125
0.4482758620689655
0.16666666666666666
0.4444444444444444
0.42857142857142855
0.125
0.5
0.28
0.14285714285714285
0.17142857142857143
0.36
0.12903225806451613
0.2608695652173913
0.4857142857142857
0.20833333333333334
0.22857142857142856
0.28125
0.4827586206896552
1.0
0.125
0.6363636363636364
0.375
0.14285714285714285
0.1
0.11428571428571428
0.35714285714285715
0.2727272727272727
0.26666666666666666
0.5454545454545454
0.18181818181818182
0.2
0.26666666666666666
0.4117647058823529
0.4666666666666667
0.37142857142857144
0.2903225806451613
0.3
0.4166666666666667
0.18518518518518517
0.45161290322580644
0.4166666666666667
0.3
0.14285714285714285
0.26666666666666666
0.34782608695652173
0.391304347826087
0.0
0.14285714285714285
0.4857142857142857
0.1
0.15384615384615385
0.23529411764705882
0.34615384615384615
0.3333333333333333
0.25
0.3142857142857143
0.07692307692307693
0.05263157894736842
0.11764705882352941
0.32142857142857145
0.2
0.2222222222222222
0.37142857142857144
0.1875
0.2727272727272727
0.13333333333333333
0.3225806451612903
0.13636363636363635
0.2857142857142857
0.1875
0.5428571428571428
0.2857142857142857
0.25
0.5555555555555556
0.34285714285714286
0.6363636363636364
0.3333333333333333
0.06666666666666667
0.6
0.5428571428571428
0.05714285714285714
0.125
0.4
0.16666666666666666
0.2222222222222222
0.03125
0.3125
0.2
0.36
0.10714285714285714
0.21875
0.04
0.4838709677419355
0.08695652173913043
0.25
0.08333333333333333
0.15625
0.1875
0.13793103448275862
0.125
1.0
0.2727272727272727
0.1875
0.21875
0.0
0.1875
0.07142857142857142
0.18181818181818182
0.06666666666666667
0.09090909090909091
0.0
0.6
0.2
0.17647058823529413
0.13333333333333333
0.09375
0.0967741935483871
0.15
0.08333333333333333
0.5185185185185185
0.06451612903225806
0.125
0.3
0.2857142857142857
0.06666666666666667
0.391304347826087
0.043478260869565216
0.125
0.375
0.15625
0.2
0.3076923076923077
0.09375
0.11538461538461539
0.3333333333333333
0.625
0.09375
0.38461538461538464
0.21052631578947367
0.11764705882352941
0.10714285714285714
0.3125
0.3333333333333333
0.125
0.25
0.22727272727272727
0.13333333333333333
0.06451612903225806
0.13636363636363635
0.0
0.3125
0.15625
0.07142857142857142
0.16666666666666666
0.2222222222222222
0.125
0.2727272727272727
0.16666666666666666
0.1
0.2
0.09375
0.125
0.0625
0.16666666666666666
0.16666666666666666
0.1111111111111111
0.09090909090909091
0.18181818181818182
0.5
0.2727272727272727
0.18181818181818182
0.18181818181818182
0.09090909090909091
0.2727272727272727
0.09090909090909091
0.36363636363636365
0.09090909090909091
0.36363636363636365
0.36363636363636365
0.2727272727272727
0.6363636363636364
0.2727272727272727
1.0
0.36363636363636365
0.18181818181818182
0.0
0.09090909090909091
0.0
0.18181818181818182
0.0
0.09090909090909091
0.0
0.2
0.36363636363636365
0.09090909090909091
0.5454545454545454
0.6363636363636364
0.09090909090909091
0.2727272727272727
0.09090909090909091
0.2727272727272727
0.45454545454545453
0.45454545454545453
0.0
0.18181818181818182
0.09090909090909091
0.2727272727272727
0.45454545454545453
0.0
0.2727272727272727
0.6363636363636364
0.18181818181818182
0.18181818181818182
0.36363636363636365
0.18181818181818182
0.36363636363636365
0.25
0.2727272727272727
0.0
0.0
0.0
0.09090909090909091
0.09090909090909091
0.3333333333333333
0.45454545454545453
0.09090909090909091
0.2727272727272727
0.45454545454545453
0.09090909090909091
0.18181818181818182
0.0
0.09090909090909091
0.6363636363636364
0.09090909090909091
0.2727272727272727
0.2222222222222222
0.6363636363636364
0.18181818181818182
0.45454545454545453
0.18181818181818182
0.2
0.2727272727272727
0.0
0.18181818181818182
0.36363636363636365
0.18181818181818182
0.0
0.1875
0.125
0.4
0.24
0.21428571428571427
0.1875
0.2
0.22580645161290322
0.043478260869565216
0.34375
0.16666666666666666
0.15625
0.25
0.4482758620689655
0.375
0.1875
0.36363636363636365
1.0
0.1875
0.2
0.03125
0.2857142857142857
0.2727272727272727
0.23333333333333334
0.2727272727272727
0.09090909090909091
0.2
0.26666666666666666
0.35294117647058826
0.3
0.1875
0.16129032258064516
0.25
0.4166666666666667
0.25925925925925924
0.12903225806451613
0.125
0.1
0.047619047619047616
0.2
0.34782608695652173
0.2608695652173913
0.0625
0.1875
0.21875
0.15
0.07692307692307693
0.375
0.2692307692307692
0.25
0.25
0.15625
0.07692307692307693
0.05263157894736842
0.17647058823529413
0.07142857142857142
0.1875
0.3333333333333333
0.15625
0.5
0.18181818181818182
0.16666666666666666
0.1935483870967742
0.18181818181818182
0.14285714285714285
0.125
0.28125
0.21428571428571427
0.4166666666666667
0.2222222222222222
0.34375
0.2727272727272727
0.2916666666666667
0.13333333333333333
0.2
0.375
0.03125
0.1875
0.4666666666666667
0.16666666666666666
0.2222222222222222
0.17142857142857143
0.125
0.2
0.16
0.0
0.19444444444444445
0.08
0.22580645161290322
0.08695652173913043
0.3611111111111111
0.125
0.08333333333333333
0.21875
0.06896551724137931
0.14285714285714285
0.21875
0.18181818181818182
0.1875
1.0
0.0
0.11428571428571428
0.14285714285714285
0.0
0.1
0.09090909090909091
0.0
0.6
0.13333333333333333
0.35294117647058826
0.2
0.1111111111111111
0.0967741935483871
0.05
0.08333333333333333
0.18518518518518517
0.16129032258064516
0.25
0.2
0.047619047619047616
0.13333333333333333
0.17391304347826086
0.08695652173913043
0.0
0.1388888888888889
0.16666666666666666
0.1
0.23076923076923078
0.058823529411764705
0.07692307692307693
0.16666666666666666
0.0
0.05555555555555555
0.23076923076923078
0.0
0.4117647058823529
0.17857142857142858
0.2222222222222222
0.1111111111111111
0.3055555555555556
0.25
0.18181818181818182
0.06666666666666667
0.0967741935483871
0.13636363636363635
0.14285714285714285
0.25
0.2222222222222222
0.14285714285714285
0.0
0.0
0.1388888888888889
0.18181818181818182
0.125
0.13333333333333333
0.2
0.2777777777777778
0.05555555555555555
0.125
0.06666666666666667
0.0
0.0
0.05
0.0
0.0
0.1
0.3
0.1
0.05
0.15
0.0
0.05
0.05
0.2
0.05
0.1
0.1
0.0
0.0
0.2
0.0
1.0
0.0
0.07142857142857142
0.09090909090909091
0.15
0.09090909090909091
0.2
0.0
0.0
0.11764705882352941
0.15
0.3
0.55
0.45
0.25
0.0
0.05
0.2
0.0
0.0
0.06666666666666667
0.05
0.2
0.0
0.05
0.2
0.0
0.0
0.3
0.25
0.0
0.0
0.05
0.0
0.15789473684210525
0.058823529411764705
0.05
0.05
0.0
0.1
0.125
0.0
0.0
0.15
0.2
0.0
0.0
0.1
0.07142857142857142
0.0
0.0
0.2
0.0
0.2
0.0
0.0
0.25
0.05
0.0
0.05
0.0
0.1111111111111111
0.02857142857142857
0.25
0.0
0.16
0.03571428571428571
0.14285714285714285
0.04
0.06451612903225806
0.17391304347826086
0.2
0.125
0.02857142857142857
0.125
0.10344827586206896
0.11428571428571428
0.1875
0.09090909090909091
0.03125
0.11428571428571428
0.0
1.0
0.07142857142857142
0.0
0.0
0.09090909090909091
0.22727272727272727
0.2
0.0
0.058823529411764705
0.13333333333333333
0.14285714285714285
0.16129032258064516
0.05
0.08333333333333333
0.07407407407407407
0.16129032258064516
0.16666666666666666
0.0
0.19047619047619047
0.3333333333333333
0.17391304347826086
0.17391304347826086
0.0
0.17142857142857143
0.17142857142857143
0.0
0.07692307692307693
0.029411764705882353
0.11538461538461539
0.16666666666666666
0.0
0.17142857142857143
0.0
0.21052631578947367
0.11764705882352941
0.03571428571428571
0.2
0.0
0.22857142857142856
0.0625
0.36363636363636365
0.03333333333333333
0.03225806451612903
0.09090909090909091
0.0
0.1875
0.17142857142857143
0.14285714285714285
0.0
0.3333333333333333
0.08571428571428572
0.2727272727272727
0.0
0.0
0.2
0.17142857142857143
0.08571428571428572
0.0625
0.06666666666666667
0.08333333333333333
0.2222222222222222
0.14285714285714285
0.0
0.0
0.14285714285714285
0.07142857142857142
0.21428571428571427
0.14285714285714285
0.07142857142857142
0.0
0.42857142857142855
0.14285714285714285
0.07142857142857142
0.14285714285714285
0.21428571428571427
0.35714285714285715
0.07142857142857142
0.0
0.2857142857142857
0.14285714285714285
0.07142857142857142
0.07142857142857142
1.0
0.18181818181818182
0.21428571428571427
0.18181818181818182
0.21428571428571427
0.0
0.07142857142857142
0.14285714285714285
0.21428571428571427
0.2857142857142857
0.2857142857142857
0.07142857142857142
0.16666666666666666
0.07142857142857142
0.2857142857142857
0.14285714285714285
0.1
0.07142857142857142
0.35714285714285715
0.14285714285714285
0.14285714285714285
0.0
0.14285714285714285
0.21428571428571427
0.0
0.0
0.07142857142857142
0.2857142857142857
0.0
0.0
0.21428571428571427
0.07692307692307693
0.07142857142857142
0.21428571428571427
0.14285714285714285
0.21428571428571427
0.0
0.35714285714285715
0.14285714285714285
0.07142857142857142
0.0
0.21428571428571427
0.07142857142857142
0.0
0.14285714285714285
0.35714285714285715
0.07142857142857142
0.08333333333333333
0.1111111111111111
0.14285714285714285
0.18181818181818182
0.14285714285714285
0.0
0.0
0.35714285714285715
0.07142857142857142
0.07142857142857142
0.21428571428571427
0.0
0.2222222222222222
0.09090909090909091
0.18181818181818182
0.2
0.5454545454545454
0.36363636363636365
0.09090909090909091
0.09090909090909091
0.18181818181818182
0.0
0.45454545454545453
0.0
0.45454545454545453
0.2727272727272727
0.2727272727272727
0.2727272727272727
0.18181818181818182
0.18181818181818182
0.2727272727272727
0.0
0.09090909090909091
0.0
0.18181818181818182
1.0
0.09090909090909091
0.09090909090909091
0.2727272727272727
0.0
0.36363636363636365
0.09090909090909091
0.2727272727272727
0.36363636363636365
0.09090909090909091
0.2727272727272727
0.09090909090909091
0.18181818181818182
0.09090909090909091
0.0
0.0
0.0
0.09090909090909091
0.2727272727272727
0.2727272727272727
0.0
0.2727272727272727
0.36363636363636365
0.45454545454545453
0.0
0.36363636363636365
0.36363636363636365
0.18181818181818182
0.25
0.6363636363636364
0.09090909090909091
0.0
0.09090909090909091
0.09090909090909091
0.0
0.3333333333333333
0.09090909090909091
0.2727272727272727
0.18181818181818182
0.5454545454545454
0.36363636363636365
0.2727272727272727
0.0
0.0
0.45454545454545453
0.09090909090909091
0.18181818181818182
0.3333333333333333
0.36363636363636365
0.18181818181818182
0.2727272727272727
0.2727272727272727
0.0
0.2727272727272727
0.0
0.18181818181818182
0.36363636363636365
0.18181818181818182
0.1111111111111111
0.2
0.0
0.0
0.16
0.25
0.3333333333333333
0.12
0.06666666666666667
0.21739130434782608
0.16666666666666666
0.125
0.2
0.16666666666666666
0.13793103448275862
0.26666666666666666
0.06666666666666667
0.0
0.23333333333333334
0.1
0.15
0.0
0.21428571428571427
0.09090909090909091
1.0
0.18181818181818182
0.13636363636363635
0.4
0.0
0.29411764705882354
0.06666666666666667
0.23333333333333334
0.2
0.1
0.25
0.0
0.26666666666666666
0.125
0.0
0.047619047619047616
0.2
0.043478260869565216
0.21739130434782608
0.0
0.16666666666666666
0.5
0.15
0.0
0.13333333333333333
0.07692307692307693
0.25
0.0
0.13333333333333333
0.15384615384615385
0.05263157894736842
0.23529411764705882
0.10714285714285714
0.1
0.0
0.4
0.375
0.045454545454545456
0.06666666666666667
0.13333333333333333
0.0
0.0
0.0
0.4
0.07142857142857142
0.08333333333333333
0.0
0.23333333333333334
0.0
0.2916666666666667
0.16666666666666666
0.0
0.1
0.36666666666666664
0.0
0.1
0.0
0.2222222222222222
0.7272727272727273
0.0
0.0
0.18181818181818182
0.09090909090909091
0.2727272727272727
0.45454545454545453
0.09090909090909091
0.09090909090909091
0.5454545454545454
0.2727272727272727
0.18181818181818182
0.09090909090909091
0.5454545454545454
0.5454545454545454
0.09090909090909091
0.09090909090909091
0.2727272727272727
0.09090909090909091
0.09090909090909091
0.09090909090909091
0.18181818181818182
0.09090909090909091
0.18181818181818182
1.0
0.18181818181818182
0.2
0.0
0.18181818181818182
0.18181818181818182
0.18181818181818182
0.2727272727272727
0.18181818181818182
0.18181818181818182
0.09090909090909091
0.45454545454545453
0.09090909090909091
0.0
0.0
0.18181818181818182
0.18181818181818182
0.18181818181818182
0.0
0.18181818181818182
0.2727272727272727
0.0
0.09090909090909091
0.18181818181818182
0.18181818181818182
0.0
0.0
0.36363636363636365
0.0
0.0
0.18181818181818182
0.6363636363636364
0.09090909090909091
0.0
0.2727272727272727
0.18181818181818182
0.09090909090909091
0.0
0.36363636363636365
0.0
0.0
0.09090909090909091
0.5454545454545454
0.2727272727272727
0.09090909090909091
0.0
0.18181818181818182
0.0
0.18181818181818182
0.18181818181818182
0.4
0.45454545454545453
0.0
0.0
0.45454545454545453
0.0
0.2222222222222222
0.18181818181818182
0.125
0.0
0.045454545454545456
0.045454545454545456
0.18181818181818182
0.13636363636363635
0.0
0.09090909090909091
0.2727272727272727
0.09090909090909091
0.09090909090909091
0.09090909090909091
0.22727272727272727
0.18181818181818182
0.0
0.0
0.09090909090909091
0.0
0.2
0.22727272727272727
0.21428571428571427
0.2727272727272727
0.13636363636363635
0.18181818181818182
1.0
0.0
0.13333333333333333
0.17647058823529413
0.045454545454545456
0.36363636363636365
0.09090909090909091
0.05
0.16666666666666666
0.0
0.09090909090909091
0.09090909090909091
0.0
0.09523809523809523
0.26666666666666666
0.045454545454545456
0.18181818181818182
0.0
0.13636363636363635
0.2727272727272727
0.0
0.0
0.045454545454545456
0.13636363636363635
0.08333333333333333
0.0
0.09090909090909091
0.0
0.42105263157894735
0.058823529411764705
0.13636363636363635
0.13636363636363635
0.0
0.22727272727272727
0.1875
0.13636363636363635
0.045454545454545456
0.13636363636363635
0.0
0.14285714285714285
0.0
0.2727272727272727
0.14285714285714285
0.08333333333333333
0.0
0.22727272727272727
0.0
0.13636363636363635
0.0
0.2
0.36363636363636365
0.13636363636363635
0.1875
0.18181818181818182
0.16666666666666666
0.2222222222222222
0.2
0.0
0.0
0.6
0.0
0.6
0.2
0.6
0.2
0.6
0.2
0.6
0.6
0.2
0.2
0.6
0.2
0.2
0.6
0.0
0.2
0.0
0.0
0.4
0.2
0.0
1.0
0.0
0.6
0.2
0.2
0.6
0.2
0.2
0.2
0.2
0.6
0.0
0.0
0.2
0.2
0.2
0.0
0.2
0.6
0.4
0.2
0.2
0.0
0.4
0.0
0.4
0.4
0.0
0.4
0.6
0.6
0.0
0.2
0.6
0.2
0.4
0.2
0.0
0.0
0.2
0.6
0.2
0.0
0.0
0.2
0.0
0.4
0.4
0.2
0.2
0.4
0.0
0.2
0.0
0.0
0.06666666666666667
0.13333333333333333
0.5
0.2
0.13333333333333333
0.0
0.0
0.13333333333333333
0.06666666666666667
0.4666666666666667
0.0
0.26666666666666666
0.2
0.13333333333333333
0.26666666666666666
0.2
0.36363636363636365
0.26666666666666666
0.13333333333333333
0.0
0.0
0.07142857142857142
0.36363636363636365
0.0
0.0
0.13333333333333333
0.0
1.0
0.0
0.3333333333333333
0.4
0.0
0.13333333333333333
0.0
0.2
0.13333333333333333
0.06666666666666667
0.2
0.06666666666666667
0.0
0.3333333333333333
0.06666666666666667
0.0
0.13333333333333333
0.26666666666666666
0.13333333333333333
0.0
0.2
0.26666666666666666
0.25
0.25
0.2
0.0
0.0
0.0
0.06666666666666667
0.06666666666666667
0.2222222222222222
0.13333333333333333
0.13333333333333333
0.26666666666666666
0.3333333333333333
0.0
0.13333333333333333
0.0
0.06666666666666667
0.4
0.0
0.3333333333333333
0.2222222222222222
0.4
0.2727272727272727
0.3333333333333333
0.13333333333333333
0.0
0.26666666666666666
0.0
0.2
0.4
0.16666666666666666
0.0
0.47058823529411764
0.0
0.0
0.23529411764705882
0.058823529411764705
0.29411764705882354
0.23529411764705882
0.17647058823529413
0.058823529411764705
0.4117647058823529
0.11764705882352941
0.29411764705882354
0.35294117647058826
0.35294117647058826
0.4117647058823529
0.17647058823529413
0.09090909090909091
0.35294117647058826
0.35294117647058826
0.11764705882352941
0.058823529411764705
0.14285714285714285
0.09090909090909091
0.29411764705882354
0.18181818181818182
0.17647058823529413
0.6
0.0
1.0
0.23529411764705882
0.11764705882352941
0.29411764705882354
0.058823529411764705
0.25
0.058823529411764705
0.11764705882352941
0.35294117647058826
0.0
0.058823529411764705
0.2
0.23529411764705882
0.17647058823529413
0.0
0.11764705882352941
0.29411764705882354
0.11764705882352941
0.07692307692307693
0.47058823529411764
0.058823529411764705
0.16666666666666666
0.0
0.11764705882352941
0.15384615384615385
0.058823529411764705
0.17647058823529413
0.23529411764705882
0.4117647058823529
0.0
0.17647058823529413
0.3125
0.11764705882352941
0.11764705882352941
0.17647058823529413
0.0
0.14285714285714285
0.0625
0.47058823529411764
0.42857142857142855
0.0
0.0
0.17647058823529413
0.0
0.23529411764705882
0.11764705882352941
0.2
0.35294117647058826
0.17647058823529413
0.0
0.17647058823529413
0.0
0.1111111111111111
0.2
0.125
0.7
0.28
0.25
0.13333333333333333
0.08
0.16666666666666666
0.34782608695652173
0.3333333333333333
0.08333333333333333
0.2
0.3
0.3793103448275862
0.4666666666666667
0.13333333333333333
0.5454545454545454
0.3
0.2
0.15
0.13333333333333333
0.21428571428571427
0.2727272727272727
0.06666666666666667
0.18181818181818182
0.045454545454545456
0.2
0.3333333333333333
0.23529411764705882
1.0
0.4
0.3
0.25
0.3333333333333333
0.18518518518518517
0.3
0.375
0.3
0.0
0.2
0.30434782608695654
0.2608695652173913
0.0
0.16666666666666666
0.4
0.1
0.15384615384615385
0.3333333333333333
0.38461538461538464
0.16666666666666666
0.25
0.3
0.07692307692307693
0.0
0.058823529411764705
0.10714285714285714
0.2
0.2222222222222222
0.3333333333333333
0.125
0.3181818181818182
0.16666666666666666
0.26666666666666666
0.18181818181818182
0.0
0.1875
0.4666666666666667
0.14285714285714285
0.3333333333333333
0.5555555555555556
0.36666666666666664
0.6363636363636364
0.25
0.06666666666666667
0.2
0.3
0.1
0.0
0.23333333333333334
0.16666666666666666
0.1111111111111111
0.08571428571428572
0.25
0.5
0.24
0.32142857142857145
0.2972972972972973
0.08
0.1935483870967742
0.17391304347826086
0.3170731707317073
0.16666666666666666
0.2682926829268293
0.21875
0.1724137931034483
0.37142857142857144
0.09375
0.6363636363636364
0.1875
0.1111111111111111
0.3
0.14285714285714285
0.2857142857142857
0.36363636363636365
0.23333333333333334
0.18181818181818182
0.36363636363636365
0.2
0.4
0.11764705882352941
0.4
1.0
0.25806451612903225
0.3
0.16666666666666666
0.1111111111111111
0.6129032258064516
0.5416666666666666
0.1
0.14285714285714285
0.2
0.13043478260869565
0.391304347826087
0.0
0.12195121951219512
0.6097560975609756
0.1
0.15384615384615385
0.23529411764705882
0.4230769230769231
0.3333333333333333
0.25
0.21951219512195122
0.0
0.21052631578947367
0.058823529411764705
0.07142857142857142
0.1282051282051282
0.2222222222222222
0.5853658536585366
0.1875
0.2727272727272727
0.13333333333333333
0.16129032258064516
0.22727272727272727
0.0
0.125
0.43902439024390244
0.07142857142857142
0.25
0.6666666666666666
0.21951219512195122
0.5454545454545454
0.6666666666666666
0.03333333333333333
0.2
0.2682926829268293
0.1282051282051282
0.25
0.23333333333333334
0.3333333333333333
0.1111111111111111
0.12903225806451613
0.0
0.0
0.28
0.21428571428571427
0.22580645161290322
0.08
0.1935483870967742
0.08695652173913043
0.2903225806451613
0.16666666666666666
0.2903225806451613
0.12903225806451613
0.1724137931034483
0.2903225806451613
0.0967741935483871
0.09090909090909091
0.16129032258064516
0.0967741935483871
0.55
0.16129032258064516
0.2857142857142857
0.09090909090909091
0.2
0.2727272727272727
0.09090909090909091
0.6
0.0
0.29411764705882354
0.3
0.25806451612903225
1.0
0.5
0.25
0.07407407407407407
0.1935483870967742
0.4166666666666667
0.1
0.0
0.2
0.13043478260869565
0.21739130434782608
0.0
0.06451612903225806
0.3548387096774194
0.1
0.07692307692307693
0.22580645161290322
0.3076923076923077
0.16666666666666666
0.0
0.22580645161290322
0.15384615384615385
0.05263157894736842
0.23529411764705882
0.32142857142857145
0.1935483870967742
0.0
0.25806451612903225
0.3125
0.09090909090909091
0.1
0.16129032258064516
0.13636363636363635
0.14285714285714285
0.125
0.3548387096774194
0.14285714285714285
0.08333333333333333
0.3333333333333333
0.1935483870967742
0.2727272727272727
0.25
0.06666666666666667
0.2
0.25806451612903225
0.0967741935483871
0.0
0.16666666666666666
0.0
0.3333333333333333
0.1
0.125
0.2
0.15
0.35
0.15
0.1
0.3
0.05
0.35
0.2
0.35
0.2
0.25
0.3
0.15
0.2727272727272727
0.25
0.05
0.45
0.05
0.07142857142857142
0.2727272727272727
0.1
0.18181818181818182
0.05
0.2
0.13333333333333333
0.058823529411764705
0.25
0.3
0.5
1.0
0.16666666666666666
0.15
0.05
0.25
0.0
0.0
0.06666666666666667
0.15
0.15
0.0
0.15
0.35
0.1
0.07692307692307693
0.4
0.5
0.16666666666666666
0.25
0.25
0.07692307692307693
0.0
0.0
0.2
0.15
0.3333333333333333
0.1
0.0625
0.15
0.2
0.2
0.35
0.14285714285714285
0.0625
0.3
0.14285714285714285
0.16666666666666666
0.2222222222222222
0.25
0.18181818181818182
0.3
0.0
0.4
0.15
0.05
0.0
0.25
0.16666666666666666
0.0
0.16666666666666666
0.0
0.0
0.25
0.16666666666666666
0.25
0.25
0.08333333333333333
0.08333333333333333
0.25
0.16666666666666666
0.16666666666666666
0.4166666666666667
0.4166666666666667
0.4166666666666667
0.08333333333333333
0.09090909090909091
0.4166666666666667
0.08333333333333333
0.25
0.08333333333333333
0.16666666666666666
0.09090909090909091
0.25
0.18181818181818182
0.16666666666666666
0.2
0.0
0.25
0.3333333333333333
0.16666666666666666
0.25
0.16666666666666666
1.0
0.08333333333333333
0.16666666666666666
0.16666666666666666
0.0
0.08333333333333333
0.25
0.16666666666666666
0.4166666666666667
0.0
0.16666666666666666
0.3333333333333333
0.0
0.08333333333333333
0.25
0.08333333333333333
0.0
0.0
0.16666666666666666
0.0
0.08333333333333333
0.08333333333333333
0.16666666666666666
0.16666666666666666
0.0
0.25
0.25
0.16666666666666666
0.0
0.3333333333333333
0.08333333333333333
0.0
0.08333333333333333
0.25
0.16666666666666666
0.0
0.0
0.25
0.0
0.16666666666666666
0.0
0.2
0.4166666666666667
0.08333333333333333
0.0
0.3333333333333333
0.0
0.1111111111111111
0.07407407407407407
0.1875
0.2
0.36
0.07407407407407407
0.1111111111111111
0.04
0.5185185185185185
0.08695652173913043
0.18518518518518517
0.041666666666666664
0.18518518518518517
0.14814814814814814
0.14814814814814814
0.18518518518518517
0.5185185185185185
0.2727272727272727
0.25925925925925924
0.18518518518518517
0.0
0.07407407407407407
0.07142857142857142
0.18181818181818182
0.0
0.09090909090909091
0.0
0.2
0.2
0.058823529411764705
0.18518518518518517
0.1111111111111111
0.07407407407407407
0.15
0.08333333333333333
1.0
0.07407407407407407
0.041666666666666664
0.4
0.0
0.06666666666666667
0.43478260869565216
0.043478260869565216
0.125
0.3333333333333333
0.1111111111111111
0.15
0.07692307692307693
0.1111111111111111
0.11538461538461539
0.16666666666666666
0.25
0.1111111111111111
0.15384615384615385
0.0
0.11764705882352941
0.037037037037037035
0.25925925925925924
0.3333333333333333
0.1111111111111111
0.125
0.22727272727272727
0.07407407407407407
0.07407407407407407
0.13636363636363635
0.0
0.375
0.1111111111111111
0.07142857142857142
0.16666666666666666
0.2222222222222222
0.18518518518518517
0.2727272727272727
0.08333333333333333
0.1111111111111111
0.2
0.07407407407407407
0.0
0.0625
0.14814814814814814
0.16666666666666666
0.0
0.1935483870967742
0.0625
0.3
0.2
0.07142857142857142
0.1935483870967742
0.16
0.06451612903225806
0.13043478260869565
0.3548387096774194
0.08333333333333333
0.12903225806451613
0.06451612903225806
0.1724137931034483
0.45161290322580644
0.06451612903225806
0.45454545454545453
0.12903225806451613
0.16129032258064516
0.05
0.16129032258064516
0.2857142857142857
0.09090909090909091
0.26666666666666666
0.45454545454545453
0.09090909090909091
0.2
0.13333333333333333
0.11764705882352941
0.3
0.6129032258064516
0.1935483870967742
0.05
0.16666666666666666
0.07407407407407407
1.0
0.3333333333333333
0.2
0.09523809523809523
0.26666666666666666
0.13043478260869565
0.30434782608695654
0.0
0.12903225806451613
0.6451612903225806
0.0
0.15384615384615385
0.06451612903225806
0.2692307692307692
0.16666666666666666
0.0
0.2903225806451613
0.07692307692307693
0.0
0.11764705882352941
0.17857142857142858
0.06451612903225806
0.0
0.7741935483870968
0.125
0.09090909090909091
0.1
0.12903225806451613
0.045454545454545456
0.0
0.125
0.5161290322580645
0.14285714285714285
0.08333333333333333
0.3333333333333333
0.22580645161290322
0.45454545454545453
0.25
0.1
0.2
0.3548387096774194
0.06451612903225806
0.125
0.13333333333333333
0.08333333333333333
0.2222222222222222
0.125
0.0
0.2
0.25
0.125
0.2916666666666667
0.08333333333333333
0.25
0.043478260869565216
0.3333333333333333
0.16666666666666666
0.3333333333333333
0.25
0.08333333333333333
0.4166666666666667
0.125
0.45454545454545453
0.125
0.25
0.2
0.16666666666666666
0.14285714285714285
0.0
0.125
0.09090909090909091
0.09090909090909091
0.6
0.06666666666666667
0.35294117647058826
0.375
0.5416666666666666
0.4166666666666667
0.25
0.16666666666666666
0.041666666666666664
0.3333333333333333
1.0
0.0
0.14285714285714285
0.2
0.043478260869565216
0.2608695652173913
0.0
0.041666666666666664
0.5
0.1
0.15384615384615385
0.16666666666666666
0.25
0.3333333333333333
0.0
0.20833333333333334
0.15384615384615385
0.10526315789473684
0.11764705882352941
0.16666666666666666
0.20833333333333334
0.0
0.4166666666666667
0.1875
0.09090909090909091
0.16666666666666666
0.08333333333333333
0.13636363636363635
0.14285714285714285
0.0625
0.6666666666666666
0.07142857142857142
0.0
0.3333333333333333
0.16666666666666666
0.2727272727272727
0.3333333333333333
0.08333333333333333
0.2
0.2916666666666667
0.16666666666666666
0.125
0.08333333333333333
0.0
0.0
0.2
0.1
0.1
0.3
0.0
0.0
0.0
0.1
0.2
0.2
0.0
0.1
0.1
0.0
0.3
0.3
0.0
0.1
0.2
0.0
0.0
0.1
0.0
0.0
0.0
0.0
0.0
0.2
0.0
0.3
0.1
0.1
0.0
0.0
0.4
0.2
0.0
1.0
0.0
0.0
0.5
0.0
0.0
0.1
0.1
0.0
0.0
0.0
0.2
0.0
0.0
0.1
0.1
0.0
0.0
0.1
0.4
0.0
0.2
0.0
0.2
0.0
0.1
0.1
0.0
0.4
0.1
0.0
0.0
0.1111111111111111
0.2
0.2
0.1
0.0
0.0
0.2
0.0
0.0
0.0
0.0
0.0
0.0
0.125
0.0
0.0
0.047619047619047616
0.09523809523809523
0.047619047619047616
0.0
0.047619047619047616
0.14285714285714285
0.09523809523809523
0.047619047619047616
0.09523809523809523
0.09523809523809523
0.14285714285714285
0.2857142857142857
0.18181818181818182
0.047619047619047616
0.047619047619047616
0.0
0.19047619047619047
0.07142857142857142
0.0
0.047619047619047616
0.0
0.09523809523809523
0.0
0.06666666666666667
0.058823529411764705
0.0
0.14285714285714285
0.0
0.0
0.08333333333333333
0.0
0.09523809523809523
0.14285714285714285
0.0
1.0
0.13333333333333333
0.047619047619047616
0.19047619047619047
0.0
0.2857142857142857
0.14285714285714285
0.0
0.0
0.0
0.0
0.16666666666666666
0.375
0.0
0.0
0.3684210526315789
0.0
0.0
0.09523809523809523
0.0
0.19047619047619047
0.0
0.09523809523809523
0.19047619047619047
0.0
0.0
0.0
0.0625
0.14285714285714285
0.07142857142857142
0.0
0.0
0.047619047619047616
0.0
0.14285714285714285
0.0
0.0
0.19047619047619047
0.09523809523809523
0.125
0.047619047619047616
0.0
0.0
0.13333333333333333
0.0
0.0
0.2
0.13333333333333333
0.26666666666666666
0.2
0.06666666666666667
0.06666666666666667
0.26666666666666666
0.13333333333333333
0.13333333333333333
0.26666666666666666
0.2
0.26666666666666666
0.06666666666666667
0.09090909090909091
0.2
0.13333333333333333
0.06666666666666667
0.3333333333333333
0.35714285714285715
0.09090909090909091
0.2
0.18181818181818182
0.26666666666666666
0.2
0.0
0.2
0.2
0.2
0.2
0.06666666666666667
0.25
0.06666666666666667
0.26666666666666666
0.2
0.0
0.13333333333333333
1.0
0.13333333333333333
0.26666666666666666
0.0
0.13333333333333333
0.3333333333333333
0.0
0.07692307692307693
0.13333333333333333
0.13333333333333333
0.08333333333333333
0.0
0.26666666666666666
0.0
0.2
0.13333333333333333
0.13333333333333333
0.3333333333333333
0.0
0.26666666666666666
0.13333333333333333
0.26666666666666666
0.0
0.2
0.0
0.0
0.13333333333333333
0.4666666666666667
0.14285714285714285
0.0
0.1111111111111111
0.13333333333333333
0.09090909090909091
0.13333333333333333
0.0
0.2
0.4
0.2
0.0
0.13333333333333333
0.0
0.1111111111111111
0.21739130434782608
0.125
0.3
0.2608695652173913
0.13043478260869565
0.13043478260869565
0.13043478260869565
0.2608695652173913
0.13043478260869565
0.391304347826087
0.043478260869565216
0.21739130434782608
0.21739130434782608
0.30434782608695654
0.34782608695652173
0.391304347826087
0.2727272727272727
0.34782608695652173
0.17391304347826086
0.05
0.17391304347826086
0.14285714285714285
0.2727272727272727
0.043478260869565216
0.18181818181818182
0.045454545454545456
0.2
0.3333333333333333
0.23529411764705882
0.30434782608695654
0.13043478260869565
0.13043478260869565
0.15
0.16666666666666666
0.43478260869565216
0.13043478260869565
0.043478260869565216
0.5
0.047619047619047616
0.13333333333333333
1.0
0.13043478260869565
0.0
0.21739130434782608
0.17391304347826086
0.1
0.07692307692307693
0.2608695652173913
0.21739130434782608
0.16666666666666666
0.25
0.17391304347826086
0.15384615384615385
0.0
0.17647058823529413
0.08695652173913043
0.391304347826087
0.2222222222222222
0.17391304347826086
0.1875
0.36363636363636365
0.13043478260869565
0.13043478260869565
0.13636363636363635
0.14285714285714285
0.4375
0.2608695652173913
0.2857142857142857
0.25
0.2222222222222222
0.34782608695652173
0.2727272727272727
0.13043478260869565
0.0
0.2
0.30434782608695654
0.0
0.0625
0.21739130434782608
0.16666666666666666
0.1111111111111111
0.08695652173913043
0.125
0.2
0.17391304347826086
0.17391304347826086
0.34782608695652173
0.13043478260869565
0.043478260869565216
0.17391304347826086
0.17391304347826086
0.08695652173913043
0.34782608695652173
0.2608695652173913
0.2608695652173913
0.391304347826087
0.043478260869565216
0.45454545454545453
0.2608695652173913
0.08695652173913043
0.2
0.17391304347826086
0.14285714285714285
0.2727272727272727
0.21739130434782608
0.18181818181818182
0.18181818181818182
0.2
0.06666666666666667
0.17647058823529413
0.2608695652173913
0.391304347826087
0.21739130434782608
0.15
0.4166666666666667
0.043478260869565216
0.30434782608695654
0.2608695652173913
0.0
0.19047619047619047
0.26666666666666666
0.13043478260869565
1.0
0.0
0.17391304347826086
0.4782608695652174
0.1
0.15384615384615385
0.21739130434782608
0.043478260869565216
0.16666666666666666
0.0
0.21739130434782608
0.0
0.05263157894736842
0.058823529411764705
0.08695652173913043
0.13043478260869565
0.0
0.43478260869565216
0.1875
0.18181818181818182
0.17391304347826086
0.2608695652173913
0.0
0.0
0.125
0.30434782608695654
0.21428571428571427
0.0
0.1111111111111111
0.43478260869565216
0.0
0.17391304347826086
0.08695652173913043
0.2
0.30434782608695654
0.21739130434782608
0.125
0.17391304347826086
0.16666666666666666
0.1111111111111111
0.0
0.3125
0.0
0.0
0.0
0.0
0.125
0.125
0.0
0.1875
0.125
0.1875
0.0
0.0625
0.0
0.125
0.0
0.0625
0.0
0.0
0.0
0.0
0.0
0.0
0.0
0.0
0.0
0.0
0.0
0.0
0.0
0.0
0.0
0.0
0.125
0.0
0.0
0.0
0.0
0.0
0.0
0.0
1.0
0.25
0.0
0.0
0.0
0.0
0.0
0.0
0.0
0.375
0.0
0.0
0.0
0.0
0.0
0.0
0.0
0.0625
0.0
0.125
0.0
0.125
0.0
0.0
0.0
0.0
0.0
0.0
0.125
0.0
0.0
0.0
0.0
0.0
0.375
0.1875
0.0625
0.0
0.0
0.05714285714285714
0.6875
0.2
0.28
0.25
0.16216216216216217
0.08
0.3548387096774194
0.30434782608695654
0.14634146341463414
0.08333333333333333
0.0975609756097561
0.125
0.13793103448275862
0.14285714285714285
0.375
0.2727272727272727
0.1875
0.1388888888888889
0.05
0.17142857142857143
0.14285714285714285
0.2727272727272727
0.16666666666666666
0.18181818181818182
0.13636363636363635
0.2
0.13333333333333333
0.11764705882352941
0.16666666666666666
0.12195121951219512
0.06451612903225806
0.15
0.16666666666666666
0.3333333333333333
0.12903225806451613
0.041666666666666664
0.1
0.2857142857142857
0.13333333333333333
0.21739130434782608
0.17391304347826086
0.25
1.0
0.14634146341463414
0.15
0.07692307692307693
0.20588235294117646
0.15384615384615385
0.16666666666666666
0.625
0.14634146341463414
0.07692307692307693
0.21052631578947367
0.058823529411764705
0.10714285714285714
0.07692307692307693
0.3333333333333333
0.24390243902439024
0.125
0.18181818181818182
0.06666666666666667
0.0967741935483871
0.2727272727272727
0.0
0.125
0.0975609756097561
0.14285714285714285
0.16666666666666666
0.2222222222222222
0.24390243902439024
0.2727272727272727
0.125
0.1
0.2
0.0975609756097561
0.28205128205128205
0.0
0.1
0.3333333333333333
0.1111111111111111
0.11428571428571428
0.25
0.5
0.36
0.4642857142857143
0.3783783783783784
0.32
0.1935483870967742
0.17391304347826086
0.32653061224489793
0.2916666666666667
0.2653061224489796
0.40625
0.3103448275862069
0.4857142857142857
0.15625
0.6363636363636364
0.21875
0.16666666666666666
0.2
0.17142857142857143
0.21428571428571427
0.36363636363636365
0.5
0.2727272727272727
0.2727272727272727
0.6
0.26666666666666666
0.29411764705882354
0.4
0.6097560975609756
0.3548387096774194
0.35
0.3333333333333333
0.1111111111111111
0.6451612903225806
0.5
0.1
0.14285714285714285
0.3333333333333333
0.17391304347826086
0.4782608695652174
0.0
0.14634146341463414
1.0
0.2
0.15384615384615385
0.29411764705882354
0.3076923076923077
0.5
0.25
0.27586206896551724
0.15384615384615385
0.10526315789473684
0.17647058823529413
0.2857142857142857
0.1282051282051282
0.2222222222222222
0.5
0.3125
0.22727272727272727
0.26666666666666666
0.22580645161290322
0.13636363636363635
0.0
0.125
0.46153846153846156
0.21428571428571427
0.16666666666666666
0.6666666666666666
0.3333333333333333
0.5454545454545454
0.6666666666666666
0.13333333333333333
0.4
0.31666666666666665
0.1794871794871795
0.1875
0.2
0.4166666666666667
0.3333333333333333
0.05
0.125
0.2
0.45
0.1
0.15
0.05
0.25
0.0
0.2
0.05
0.3
0.2
0.1
0.1
0.2
0.18181818181818182
0.15
0.1
0.0
0.0
0.0
0.45454545454545453
0.15
0.0
0.0
0.4
0.13333333333333333
0.11764705882352941
0.1
0.1
0.1
0.1
0.0
0.15
0.0
0.1
0.0
0.0
0.0
0.1
0.1
0.0
0.15
0.2
1.0
0.0
0.1
0.1
0.4166666666666667
0.25
0.25
0.15384615384615385
0.0
0.11764705882352941
0.1
0.1
0.2222222222222222
0.0
0.1875
0.1
0.35
0.15
0.1
0.0
0.0
0.25
0.0
0.16666666666666666
0.2222222222222222
0.1
0.18181818181818182
0.2
0.5
0.0
0.0
0.1
0.0
0.1
0.16666666666666666
0.0
0.07692307692307693
0.0
0.1
0.07692307692307693
0.0
0.23076923076923078
0.07692307692307693
0.15384615384615385
0.07692307692307693
0.07692307692307693
0.07692307692307693
0.07692307692307693
0.07692307692307693
0.07692307692307693
0.15384615384615385
0.3076923076923077
0.18181818181818182
0.07692307692307693
0.23076923076923078
0.0
0.07692307692307693
0.0
0.0
0.0
0.09090909090909091
0.0
0.2
0.0
0.07692307692307693
0.15384615384615385
0.15384615384615385
0.07692307692307693
0.07692307692307693
0.08333333333333333
0.07692307692307693
0.15384615384615385
0.15384615384615385
0.0
0.0
0.07692307692307693
0.07692307692307693
0.15384615384615385
0.0
0.07692307692307693
0.15384615384615385
0.0
1.0
0.07692307692307693
0.0
0.0
0.0
0.07692307692307693
0.0
0.0
0.0
0.07692307692307693
0.07692307692307693
0.0
0.15384615384615385
0.07692307692307693
0.07692307692307693
0.0
0.07692307692307693
0.0
0.0
0.15384615384615385
0.15384615384615385
0.07692307692307693
0.0
0.0
0.15384615384615385
0.0
0.0
0.0
0.2
0.07692307692307693
0.0
0.0
0.07692307692307693
0.0
0.0
0.14705882352941177
0.125
0.3
0.16
0.75
0.08823529411764706
0.12
0.1935483870967742
0.08695652173913043
0.17647058823529413
0.08333333333333333
0.2647058823529412
0.21875
0.3103448275862069
0.23529411764705882
0.09375
0.36363636363636365
0.375
0.058823529411764705
0.3
0.029411764705882353
0.07142857142857142
0.36363636363636365
0.13333333333333333
0.18181818181818182
0.045454545454545456
0.2
0.2
0.47058823529411764
0.3333333333333333
0.23529411764705882
0.22580645161290322
0.4
0.25
0.1111111111111111
0.06451612903225806
0.16666666666666666
0.0
0.0
0.13333333333333333
0.2608695652173913
0.21739130434782608
0.0
0.20588235294117646
0.29411764705882354
0.1
0.07692307692307693
1.0
0.23076923076923078
0.16666666666666666
0.25
0.35294117647058826
0.0
0.0
0.058823529411764705
0.07142857142857142
0.14705882352941177
0.2222222222222222
0.08823529411764706
0.25
0.22727272727272727
0.1
0.12903225806451613
0.22727272727272727
0.14285714285714285
0.125
0.23529411764705882
0.42857142857142855
0.25
0.3333333333333333
0.4411764705882353
0.18181818181818182
0.375
0.03333333333333333
0.2
0.17647058823529413
0.08823529411764706
0.0
0.2
0.16666666666666666
0.1111111111111111
0.15384615384615385
0.125
0.4
0.24
0.23076923076923078
0.11538461538461539
0.04
0.23076923076923078
0.043478260869565216
0.46153846153846156
0.08333333333333333
0.23076923076923078
0.11538461538461539
0.15384615384615385
0.34615384615384615
0.11538461538461539
0.18181818181818182
0.2692307692307692
0.07692307692307693
0.25
0.11538461538461539
0.2857142857142857
0.36363636363636365
0.07692307692307693
0.18181818181818182
0.13636363636363635
0.0
0.26666666666666666
0.058823529411764705
0.38461538461538464
0.4230769230769231
0.3076923076923077
0.5
0.08333333333333333
0.11538461538461539
0.2692307692307692
0.25
0.2
0.0
0.13333333333333333
0.21739130434782608
0.043478260869565216
0.0
0.15384615384615385
0.3076923076923077
0.1
0.0
0.23076923076923078
1.0
0.16666666666666666
0.25
0.38461538461538464
0.15384615384615385
0.10526315789473684
0.11764705882352941
0.07692307692307693
0.11538461538461539
0.3333333333333333
0.3076923076923077
0.0625
0.13636363636363635
0.19230769230769232
0.15384615384615385
0.36363636363636365
0.14285714285714285
0.0625
0.34615384615384615
0.07142857142857142
0.4166666666666667
0.5555555555555556
0.34615384615384615
0.6363636363636364
0.2916666666666667
0.0
0.0
0.38461538461538464
0.038461538461538464
0.0
0.15384615384615385
0.16666666666666666
0.2222222222222222
0.0
0.16666666666666666
0.2
0.4166666666666667
0.16666666666666666
0.25
0.08333333333333333
0.3333333333333333
0.0
0.4166666666666667
0.08333333333333333
0.4166666666666667
0.5
0.16666666666666666
0.3333333333333333
0.3333333333333333
0.36363636363636365
0.25
0.16666666666666666
0.0
0.16666666666666666
0.0
0.18181818181818182
0.25
0.0
0.08333333333333333
0.4
0.25
0.16666666666666666
0.16666666666666666
0.3333333333333333
0.16666666666666666
0.16666666666666666
0.0
0.16666666666666666
0.16666666666666666
0.3333333333333333
0.0
0.16666666666666666
0.08333333333333333
0.16666666666666666
0.16666666666666666
0.0
0.16666666666666666
0.5
0.4166666666666667
0.0
0.16666666666666666
0.16666666666666666
1.0
0.25
0.16666666666666666
0.16666666666666666
0.08333333333333333
0.16666666666666666
0.16666666666666666
0.25
0.2222222222222222
0.16666666666666666
0.25
0.25
0.5
0.0
0.16666666666666666
0.0
0.0
0.5833333333333334
0.0
0.16666666666666666
0.2222222222222222
0.25
0.18181818181818182
0.5
0.25
0.0
0.16666666666666666
0.16666666666666666
0.16666666666666666
0.16666666666666666
0.16666666666666666
0.0
0.0
0.25
0.25
0.25
0.25
0.0
0.0
0.25
0.0
0.25
0.0
0.25
0.25
0.25
0.25
0.625
0.25
0.25
0.0
0.0
0.0
0.0
0.25
0.0
0.0
0.0
0.0
0.25
0.0
0.25
0.25
0.0
0.25
0.0
0.25
0.0
0.0
0.0
0.375
0.0
0.25
0.0
0.0
0.625
0.25
0.25
0.0
0.25
0.25
0.25
1.0
0.25
0.0
0.375
0.0
0.0
0.0
0.25
0.0
0.0
0.25
0.25
0.0
0.25
0.0
0.0
0.25
0.0
0.25
0.25
0.25
0.25
0.25
0.125
0.0
0.0
0.0
0.0
0.25
0.25
0.0
0.17142857142857143
0.1875
0.3
0.4
0.4642857142857143
0.16216216216216217
0.28
0.12903225806451613
0.13043478260869565
0.2653061224489796
0.25
0.20408163265306123
0.21875
0.2413793103448276
0.3142857142857143
0.09375
0.2727272727272727
0.15625
0.05555555555555555
0.05
0.17142857142857143
0.21428571428571427
0.6363636363636364
0.13333333333333333
0.36363636363636365
0.09090909090909091
0.4
0.2
0.11764705882352941
0.3
0.21951219512195122
0.22580645161290322
0.25
0.16666666666666666
0.1111111111111111
0.2903225806451613
0.20833333333333334
0.1
0.0
0.26666666666666666
0.17391304347826086
0.21739130434782608
0.375
0.14634146341463414
0.27586206896551724
0.25
0.07692307692307693
0.35294117647058826
0.38461538461538464
0.16666666666666666
0.25
1.0
0.0
0.05263157894736842
0.11764705882352941
0.17857142857142858
0.02564102564102564
0.2222222222222222
0.14
0.125
0.18181818181818182
0.23333333333333334
0.22580645161290322
0.18181818181818182
0.14285714285714285
0.125
0.28846153846153844
0.21428571428571427
0.25
0.6666666666666666
0.19047619047619047
0.5454545454545454
0.25
0.13333333333333333
0.4
0.13793103448275862
0.15384615384615385
0.1875
0.16666666666666666
0.25
0.2222222222222222
0.0
0.0
0.0
0.15384615384615385
0.0
0.3076923076923077
0.0
0.38461538461538464
0.0
0.23076923076923078
0.0
0.15384615384615385
0.23076923076923078
0.0
0.07692307692307693
0.38461538461538464
0.0
0.07692307692307693
0.23076923076923078
0.0
0.0
0.07692307692307693
0.09090909090909091
0.15384615384615385
0.0
0.0
0.4
0.0
0.15384615384615385
0.07692307692307693
0.0
0.15384615384615385
0.07692307692307693
0.0
0.15384615384615385
0.07692307692307693
0.15384615384615385
0.1
0.0
0.0
0.15384615384615385
0.0
0.0
0.07692307692307693
0.15384615384615385
0.15384615384615385
0.0
0.0
0.15384615384615385
0.16666666666666666
0.0
0.0
1.0
0.0
0.15384615384615385
0.15384615384615385
0.23076923076923078
0.1111111111111111
0.15384615384615385
0.15384615384615385
0.0
0.23076923076923078
0.07692307692307693
0.15384615384615385
0.0
0.07692307692307693
0.15384615384615385
0.0
0.0
0.0
0.07692307692307693
0.09090909090909091
0.15384615384615385
0.15384615384615385
0.0
0.07692307692307693
0.15384615384615385
0.0
0.0
0.0
0.0
0.0
0.0
0.0
0.0
0.05263157894736842
0.10526315789473684
0.05263157894736842
0.0
0.0
0.10526315789473684
0.10526315789473684
0.0
0.10526315789473684
0.10526315789473684
0.05263157894736842
0.21052631578947367
0.0
0.05263157894736842
0.0
0.15789473684210525
0.21052631578947367
0.07142857142857142
0.0
0.05263157894736842
0.0
0.42105263157894735
0.0
0.0
0.058823529411764705
0.0
0.21052631578947367
0.05263157894736842
0.0
0.08333333333333333
0.0
0.0
0.10526315789473684
0.0
0.3684210526315789
0.2
0.0
0.05263157894736842
0.0
0.21052631578947367
0.10526315789473684
0.0
0.0
0.0
0.10526315789473684
0.08333333333333333
0.375
0.05263157894736842
0.0
1.0
0.0
0.0
0.15789473684210525
0.0
0.10526315789473684
0.0
0.15789473684210525
0.15789473684210525
0.0
0.0
0.14285714285714285
0.0
0.10526315789473684
0.0
0.08333333333333333
0.0
0.10526315789473684
0.0
0.05263157894736842
0.0
0.0
0.10526315789473684
0.10526315789473684
0.0
0.05263157894736842
0.0
0.1111111111111111
0.11764705882352941
0.0
0.0
0.23529411764705882
0.058823529411764705
0.23529411764705882
0.058823529411764705
0.11764705882352941
0.0
0.23529411764705882
0.17647058823529413
0.17647058823529413
0.11764705882352941
0.11764705882352941
0.11764705882352941
0.11764705882352941
0.0
0.17647058823529413
0.4117647058823529
0.058823529411764705
0.11764705882352941
0.21428571428571427
0.09090909090909091
0.23529411764705882
0.18181818181818182
0.058823529411764705
0.4
0.0
0.17647058823529413
0.058823529411764705
0.058823529411764705
0.23529411764705882
0.0
0.08333333333333333
0.11764705882352941
0.11764705882352941
0.11764705882352941
0.0
0.0
0.13333333333333333
0.17647058823529413
0.058823529411764705
0.0
0.058823529411764705
0.17647058823529413
0.11764705882352941
0.0
0.058823529411764705
0.11764705882352941
0.16666666666666666
0.0
0.11764705882352941
0.15384615384615385
0.0
1.0
0.17647058823529413
0.23529411764705882
0.0
0.11764705882352941
0.1875
0.11764705882352941
0.11764705882352941
0.11764705882352941
0.11764705882352941
0.0
0.125
0.29411764705882354
0.07142857142857142
0.08333333333333333
0.0
0.058823529411764705
0.0
0.17647058823529413
0.11764705882352941
0.0
0.058823529411764705
0.11764705882352941
0.1875
0.058823529411764705
0.0
0.2222222222222222
0.32142857142857145
0.0
0.1
0.16
0.03571428571428571
0.2857142857142857
0.32
0.10714285714285714
0.08695652173913043
0.32142857142857145
0.16666666666666666
0.25
0.21428571428571427
0.21428571428571427
0.32142857142857145
0.10714285714285714
0.09090909090909091
0.07142857142857142
0.17857142857142858
0.05
0.03571428571428571
0.14285714285714285
0.09090909090909091
0.10714285714285714
0.6363636363636364
0.13636363636363635
0.6
0.06666666666666667
0.23529411764705882
0.10714285714285714
0.07142857142857142
0.32142857142857145
0.2
0.16666666666666666
0.037037037037037035
0.17857142857142858
0.16666666666666666
0.1
0.0
0.13333333333333333
0.08695652173913043
0.08695652173913043
0.0
0.10714285714285714
0.2857142857142857
0.1
0.07692307692307693
0.07142857142857142
0.07692307692307693
0.16666666666666666
0.0
0.17857142857142858
0.15384615384615385
0.0
0.17647058823529413
1.0
0.14285714285714285
0.0
0.10714285714285714
0.3125
0.09090909090909091
0.07142857142857142
0.21428571428571427
0.0
0.14285714285714285
0.0625
0.32142857142857145
0.21428571428571427
0.08333333333333333
0.0
0.07142857142857142
0.09090909090909091
0.20833333333333334
0.14285714285714285
0.4
0.32142857142857145
0.07142857142857142
0.0
0.17857142857142858
0.0
0.1111111111111111
0.14285714285714285
0.0625
0.0
0.2
0.03571428571428571
0.21621621621621623
0.12
0.25806451612903225
0.17391304347826086
0.23076923076923078
0.125
0.1282051282051282
0.21875
0.20689655172413793
0.2
0.3125
0.09090909090909091
0.1875
0.2222222222222222
0.05
0.2
0.21428571428571427
0.0
0.1
0.09090909090909091
0.13636363636363635
0.6
0.06666666666666667
0.4117647058823529
0.2
0.1282051282051282
0.1935483870967742
0.15
0.16666666666666666
0.25925925925925924
0.06451612903225806
0.20833333333333334
0.4
0.09523809523809523
0.3333333333333333
0.391304347826087
0.13043478260869565
0.0
0.07692307692307693
0.1282051282051282
0.1
0.07692307692307693
0.14705882352941177
0.11538461538461539
0.25
0.0
0.02564102564102564
0.23076923076923078
0.15789473684210525
0.23529411764705882
0.14285714285714285
1.0
0.0
0.15384615384615385
0.25
0.36363636363636365
0.06666666666666667
0.16129032258064516
0.09090909090909091
0.14285714285714285
0.625
0.20512820512820512
0.21428571428571427
0.0
0.0
0.10256410256410256
0.09090909090909091
0.16666666666666666
0.06666666666666667
0.2
0.1282051282051282
0.1794871794871795
0.0
0.13333333333333333
0.16666666666666666
0.1111111111111111
0.0
0.2222222222222222
0.2222222222222222
0.3333333333333333
0.2222222222222222
0.0
0.0
0.3333333333333333
0.0
0.2222222222222222
0.0
0.3333333333333333
0.2222222222222222
0.2222222222222222
0.2222222222222222
0.3333333333333333
0.3333333333333333
0.3333333333333333
0.1111111111111111
0.0
0.0
0.0
0.3333333333333333
0.0
0.0
0.0
0.0
0.2222222222222222
0.0
0.2222222222222222
0.2222222222222222
0.0
0.3333333333333333
0.0
0.3333333333333333
0.0
0.0
0.0
0.0
0.0
0.2222222222222222
0.0
0.0
0.3333333333333333
0.2222222222222222
0.2222222222222222
0.0
0.2222222222222222
0.3333333333333333
0.2222222222222222
0.25
0.2222222222222222
0.1111111111111111
0.0
0.0
0.0
0.0
1.0
0.0
0.0
0.2222222222222222
0.3333333333333333
0.0
0.3333333333333333
0.0
0.0
0.2222222222222222
0.0
0.2222222222222222
0.2222222222222222
0.2222222222222222
0.2222222222222222
0.3333333333333333
0.1111111111111111
0.0
0.0
0.0
0.0
0.2222222222222222
0.2222222222222222
0.0
0.11428571428571428
0.1875
0.3
0.2
0.14285714285714285
0.40540540540540543
0.12
0.16129032258064516
0.34782608695652173
0.3673469387755102
0.3333333333333333
0.12244897959183673
0.125
0.20689655172413793
0.37142857142857144
0.125
0.45454545454545453
0.15625
0.3055555555555556
0.1
0.22857142857142856
0.35714285714285715
0.09090909090909091
0.4
0.2727272727272727
0.22727272727272727
0.2
0.13333333333333333
0.17647058823529413
0.3333333333333333
0.5853658536585366
0.25806451612903225
0.1
0.25
0.1111111111111111
0.7741935483870968
0.4166666666666667
0.2
0.19047619047619047
0.26666666666666666
0.17391304347826086
0.43478260869565216
0.0
0.24390243902439024
0.5
0.0
0.15384615384615385
0.08823529411764706
0.3076923076923077
0.16666666666666666
0.0
0.14
0.15384615384615385
0.10526315789473684
0.11764705882352941
0.10714285714285714
0.15384615384615385
0.0
1.0
0.1875
0.18181818181818182
0.13333333333333333
0.16129032258064516
0.09090909090909091
0.0
0.125
0.36
0.14285714285714285
0.08333333333333333
0.4444444444444444
0.2619047619047619
0.45454545454545453
0.4166666666666667
0.03333333333333333
0.2
0.32
0.28205128205128205
0.125
0.1
0.16666666666666666
0.4444444444444444
0.1875
0.0
0.0
0.375
0.125
0.375
0.25
0.25
0.0625
0.5625
0.125
0.25
0.1875
0.3125
0.1875
0.25
0.09090909090909091
0.5
0.25
0.125
0.0625
0.14285714285714285
0.2727272727272727
0.375
0.18181818181818182
0.1875
0.6
0.13333333333333333
0.3125
0.125
0.1875
0.3125
0.0625
0.25
0.125
0.125
0.1875
0.0
0.0
0.13333333333333333
0.1875
0.1875
0.0625
0.125
0.3125
0.1875
0.07692307692307693
0.25
0.0625
0.25
0.0
0.125
0.15384615384615385
0.0
0.1875
0.3125
0.25
0.0
0.1875
1.0
0.0625
0.125
0.125
0.0625
0.14285714285714285
0.0625
0.5625
0.21428571428571427
0.0
0.0
0.25
0.0
0.25
0.25
0.2
0.3125
0.125
0.25
0.375
0.0
0.1111111111111111
0.13636363636363635
0.1875
0.3
0.13636363636363635
0.09090909090909091
0.18181818181818182
0.09090909090909091
0.18181818181818182
0.2727272727272727
0.22727272727272727
0.09090909090909091
0.22727272727272727
0.3181818181818182
0.22727272727272727
0.2727272727272727
0.22727272727272727
0.2727272727272727
0.18181818181818182
0.18181818181818182
0.0
0.36363636363636365
0.07142857142857142
0.18181818181818182
0.045454545454545456
0.09090909090909091
0.13636363636363635
0.2
0.26666666666666666
0.11764705882352941
0.3181818181818182
0.2727272727272727
0.09090909090909091
0.15
0.16666666666666666
0.22727272727272727
0.09090909090909091
0.09090909090909091
0.2
0.09523809523809523
0.26666666666666666
0.36363636363636365
0.18181818181818182
0.0
0.18181818181818182
0.22727272727272727
0.1
0.07692307692307693
0.22727272727272727
0.13636363636363635
0.25
0.25
0.18181818181818182
0.0
0.15789473684210525
0.11764705882352941
0.09090909090909091
0.36363636363636365
0.2222222222222222
0.18181818181818182
0.0625
1.0
0.09090909090909091
0.13636363636363635
0.09090909090909091
0.0
0.1875
0.2727272727272727
0.21428571428571427
0.16666666666666666
0.3333333333333333
0.18181818181818182
0.2727272727272727
0.18181818181818182
0.0
0.2
0.13636363636363635
0.18181818181818182
0.0625
0.22727272727272727
0.16666666666666666
0.1111111111111111
0.0
0.1875
0.4
0.28
0.07142857142857142
0.1
0.08
0.16666666666666666
0.043478260869565216
0.26666666666666666
0.08333333333333333
0.3
0.16666666666666666
0.13793103448275862
0.13333333333333333
0.13333333333333333
0.45454545454545453
0.16666666666666666
0.06666666666666667
0.0
0.03333333333333333
0.0
0.5454545454545454
0.06666666666666667
0.0
0.045454545454545456
0.4
0.3333333333333333
0.11764705882352941
0.16666666666666666
0.13333333333333333
0.1
0.2
0.0
0.07407407407407407
0.1
0.16666666666666666
0.0
0.19047619047619047
0.0
0.13043478260869565
0.17391304347826086
0.125
0.06666666666666667
0.26666666666666666
0.35
0.0
0.1
0.19230769230769232
0.5
0.25
0.23333333333333334
0.23076923076923078
0.15789473684210525
0.11764705882352941
0.07142857142857142
0.06666666666666667
0.3333333333333333
0.13333333333333333
0.125
0.09090909090909091
1.0
0.1
0.2727272727272727
0.0
0.0
0.23333333333333334
0.0
0.3333333333333333
0.2222222222222222
0.26666666666666666
0.18181818181818182
0.2916666666666667
0.3333333333333333
0.0
0.06666666666666667
0.1
0.25
0.13333333333333333
0.16666666666666666
0.1111111111111111
0.22580645161290322
0.0
0.0
0.2
0.10714285714285714
0.16129032258064516
0.2
0.0967741935483871
0.043478260869565216
0.25806451612903225
0.25
0.1935483870967742
0.22580645161290322
0.20689655172413793
0.3225806451612903
0.06451612903225806
0.09090909090909091
0.1935483870967742
0.0967741935483871
0.15
0.03225806451612903
0.21428571428571427
0.36363636363636365
0.13333333333333333
0.36363636363636365
0.13636363636363635
0.2
0.0
0.17647058823529413
0.26666666666666666
0.16129032258064516
0.16129032258064516
0.2
0.3333333333333333
0.07407407407407407
0.12903225806451613
0.08333333333333333
0.1
0.0
0.2
0.13043478260869565
0.2608695652173913
0.0
0.0967741935483871
0.22580645161290322
0.15
0.07692307692307693
0.12903225806451613
0.15384615384615385
0.0
0.0
0.22580645161290322
0.07692307692307693
0.0
0.11764705882352941
0.21428571428571427
0.16129032258064516
0.0
0.16129032258064516
0.125
0.13636363636363635
0.1
1.0
0.09090909090909091
0.0
0.125
0.16129032258064516
0.21428571428571427
0.08333333333333333
0.0
0.12903225806451613
0.09090909090909091
0.125
0.1
0.4
0.2903225806451613
0.03225806451612903
0.0
0.16666666666666666
0.0
0.2222222222222222
0.0
0.125
0.2
0.13636363636363635
0.22727272727272727
0.045454545454545456
0.09090909090909091
0.2727272727272727
0.0
0.22727272727272727
0.13636363636363635
0.36363636363636365
0.13636363636363635
0.09090909090909091
0.13636363636363635
0.13636363636363635
0.18181818181818182
0.18181818181818182
0.13636363636363635
0.2
0.09090909090909091
0.07142857142857142
0.2727272727272727
0.0
0.0
0.0
0.0
0.13333333333333333
0.0
0.18181818181818182
0.22727272727272727
0.13636363636363635
0.35
0.08333333333333333
0.13636363636363635
0.045454545454545456
0.13636363636363635
0.1
0.0
0.0
0.13636363636363635
0.0
0.125
0.2727272727272727
0.13636363636363635
0.1
0.0
0.22727272727272727
0.36363636363636365
0.16666666666666666
0.25
0.18181818181818182
0.15384615384615385
0.0
0.11764705882352941
0.0
0.09090909090909091
0.3333333333333333
0.09090909090909091
0.0625
0.09090909090909091
0.2727272727272727
0.09090909090909091
1.0
0.0
0.0625
0.13636363636363635
0.0
0.16666666666666666
0.2222222222222222
0.22727272727272727
0.2727272727272727
0.22727272727272727
0.0
0.0
0.045454545454545456
0.18181818181818182
0.25
0.09090909090909091
0.16666666666666666
0.0
0.14285714285714285
0.0
0.0
0.0
0.0
0.14285714285714285
0.14285714285714285
0.0
0.0
0.14285714285714285
0.14285714285714285
0.14285714285714285
0.0
0.14285714285714285
0.2857142857142857
0.0
0.0
0.14285714285714285
0.14285714285714285
0.0
0.0
0.0
0.0
0.0
0.0
0.14285714285714285
0.0
0.0
0.14285714285714285
0.0
0.0
0.14285714285714285
0.14285714285714285
0.0
0.0
0.0
0.14285714285714285
0.0
0.0
0.0
0.14285714285714285
0.0
0.0
0.0
0.0
0.0
0.0
0.14285714285714285
0.14285714285714285
0.0
0.0
0.14285714285714285
0.0
0.14285714285714285
0.0
0.14285714285714285
0.14285714285714285
0.0
0.0
0.14285714285714285
0.0
0.0
0.0
0.0
1.0
0.0
0.2857142857142857
0.14285714285714285
0.14285714285714285
0.0
0.14285714285714285
0.0
0.0
0.0
0.0
0.14285714285714285
0.0
0.0
0.14285714285714285
0.0
0.0
0.125
0.0
0.0
0.1875
0.0625
0.0625
0.0625
0.3125
0.1875
0.125
0.0625
0.1875
0.25
0.125
0.1875
0.3125
0.09090909090909091
0.125
0.25
0.0
0.1875
0.14285714285714285
0.0
0.0
0.09090909090909091
0.0
0.2
0.06666666666666667
0.0625
0.1875
0.125
0.125
0.0625
0.08333333333333333
0.375
0.125
0.0625
0.4
0.0625
0.13333333333333333
0.4375
0.125
0.0
0.125
0.125
0.0
0.15384615384615385
0.125
0.0625
0.0
0.0
0.125
0.07692307692307693
0.0
0.125
0.0625
0.625
0.0
0.125
0.0625
0.1875
0.0
0.125
0.0625
0.0
1.0
0.0625
0.14285714285714285
0.0
0.0
0.1875
0.09090909090909091
0.0625
0.0
0.2
0.125
0.0
0.0
0.0625
0.0
0.0
0.2857142857142857
0.125
0.5
0.4
0.32142857142857145
0.40540540540540543
0.32
0.1935483870967742
0.13043478260869565
0.40816326530612246
0.2916666666666667
0.22448979591836735
0.28125
0.41379310344827586
0.5428571428571428
0.15625
0.6363636363636364
0.28125
0.2222222222222222
0.1
0.17142857142857143
0.35714285714285715
0.45454545454545453
0.4
0.5454545454545454
0.2727272727272727
0.6
0.4
0.47058823529411764
0.4666666666666667
0.43902439024390244
0.3548387096774194
0.3
0.25
0.1111111111111111
0.5161290322580645
0.6666666666666666
0.1
0.14285714285714285
0.4666666666666667
0.2608695652173913
0.30434782608695654
0.0
0.0975609756097561
0.46153846153846156
0.25
0.15384615384615385
0.23529411764705882
0.34615384615384615
0.5833333333333334
0.25
0.28846153846153844
0.15384615384615385
0.10526315789473684
0.29411764705882354
0.32142857142857145
0.20512820512820512
0.2222222222222222
0.36
0.5625
0.2727272727272727
0.23333333333333334
0.16129032258064516
0.13636363636363635
0.2857142857142857
0.0625
1.0
0.2857142857142857
0.25
0.5555555555555556
0.21428571428571427
0.5454545454545454
0.5833333333333334
0.2
0.4
0.3269230769230769
0.1794871794871795
0.3125
0.36666666666666664
0.16666666666666666
0.3333333333333333
0.2857142857142857
0.0
0.0
0.14285714285714285
0.07142857142857142
0.14285714285714285
0.2857142857142857
0.07142857142857142
0.14285714285714285
0.2857142857142857
0.14285714285714285
0.21428571428571427
0.2857142857142857
0.35714285714285715
0.2857142857142857
0.07142857142857142
0.09090909090909091
0.21428571428571427
0.14285714285714285
0.07142857142857142
0.14285714285714285
0.07142857142857142
0.09090909090909091
0.07142857142857142
0.2727272727272727
0.14285714285714285
0.2
0.0
0.42857142857142855
0.14285714285714285
0.07142857142857142
0.14285714285714285
0.14285714285714285
0.16666666666666666
0.07142857142857142
0.14285714285714285
0.07142857142857142
0.0
0.07142857142857142
0.14285714285714285
0.2857142857142857
0.21428571428571427
0.0
0.14285714285714285
0.21428571428571427
0.0
0.07692307692307693
0.42857142857142855
0.07142857142857142
0.0
0.0
0.21428571428571427
0.0
0.0
0.07142857142857142
0.21428571428571427
0.21428571428571427
0.0
0.14285714285714285
0.21428571428571427
0.21428571428571427
0.0
0.21428571428571427
0.0
0.14285714285714285
0.14285714285714285
0.2857142857142857
1.0
0.0
0.0
0.21428571428571427
0.0
0.14285714285714285
0.0
0.4
0.2857142857142857
0.0
0.0
0.21428571428571427
0.0
0.1111111111111111
0.08333333333333333
0.16666666666666666
0.4
0.16666666666666666
0.16666666666666666
0.08333333333333333
0.0
0.16666666666666666
0.0
0.25
0.08333333333333333
0.16666666666666666
0.25
0.25
0.25
0.16666666666666666
0.2727272727272727
0.4166666666666667
0.0
0.0
0.0
0.08333333333333333
0.18181818181818182
0.08333333333333333
0.09090909090909091
0.08333333333333333
0.0
0.3333333333333333
0.0
0.3333333333333333
0.25
0.08333333333333333
0.16666666666666666
0.0
0.16666666666666666
0.08333333333333333
0.0
0.0
0.0
0.0
0.25
0.0
0.0
0.16666666666666666
0.16666666666666666
0.16666666666666666
0.0
0.25
0.4166666666666667
0.16666666666666666
0.25
0.25
0.0
0.08333333333333333
0.08333333333333333
0.08333333333333333
0.0
0.2222222222222222
0.08333333333333333
0.0
0.16666666666666666
0.3333333333333333
0.08333333333333333
0.16666666666666666
0.14285714285714285
0.0
0.25
0.0
1.0
0.2222222222222222
0.3333333333333333
0.18181818181818182
0.25
0.08333333333333333
0.0
0.0
0.0
0.0
0.5
0.16666666666666666
0.1111111111111111
0.0
0.2222222222222222
0.2222222222222222
0.5555555555555556
0.3333333333333333
0.1111111111111111
0.0
0.2222222222222222
0.0
0.5555555555555556
0.0
0.2222222222222222
0.3333333333333333
0.2222222222222222
0.5555555555555556
0.2222222222222222
0.2222222222222222
0.2222222222222222
0.0
0.0
0.3333333333333333
0.1111111111111111
0.3333333333333333
0.0
0.0
0.0
0.0
0.2222222222222222
0.0
0.5555555555555556
0.6666666666666666
0.3333333333333333
0.2222222222222222
0.0
0.2222222222222222
0.3333333333333333
0.3333333333333333
0.1111111111111111
0.0
0.1111111111111111
0.2222222222222222
0.1111111111111111
0.0
0.2222222222222222
0.6666666666666666
0.2222222222222222
0.0
0.3333333333333333
0.5555555555555556
0.2222222222222222
0.25
0.6666666666666666
0.0
0.0
0.0
0.0
0.0
0.2222222222222222
0.4444444444444444
0.0
0.3333333333333333
0.2222222222222222
0.0
0.2222222222222222
0.0
0.0
0.5555555555555556
0.0
0.2222222222222222
1.0
0.3333333333333333
0.5555555555555556
0.2222222222222222
0.0
0.0
0.3333333333333333
0.1111111111111111
0.0
0.2222222222222222
0.2222222222222222
0.0
0.22857142857142856
0.25
0.6
0.16
0.35714285714285715
0.13513513513513514
0.2
0.12903225806451613
0.21739130434782608
0.30952380952380953
0.125
0.2619047619047619
0.21875
0.27586206896551724
0.34285714285714286
0.125
0.6363636363636364
0.34375
0.1388888888888889
0.2
0.08571428571428572
0.14285714285714285
0.36363636363636365
0.23333333333333334
0.18181818181818182
0.22727272727272727
0.2
0.4
0.17647058823529413
0.36666666666666664
0.21951219512195122
0.1935483870967742
0.25
0.25
0.18518518518518517
0.22580645161290322
0.16666666666666666
0.2
0.047619047619047616
0.13333333333333333
0.34782608695652173
0.43478260869565216
0.125
0.24390243902439024
0.3333333333333333
0.1
0.15384615384615385
0.4411764705882353
0.34615384615384615
0.25
0.25
0.19047619047619047
0.07692307692307693
0.10526315789473684
0.058823529411764705
0.07142857142857142
0.10256410256410256
0.2222222222222222
0.2619047619047619
0.25
0.18181818181818182
0.26666666666666666
0.12903225806451613
0.22727272727272727
0.14285714285714285
0.1875
0.21428571428571427
0.21428571428571427
0.3333333333333333
0.3333333333333333
1.0
0.2727272727272727
0.20833333333333334
0.03333333333333333
0.2
0.2857142857142857
0.1282051282051282
0.1875
0.3333333333333333
0.3333333333333333
0.3333333333333333
0.09090909090909091
0.18181818181818182
0.3
0.45454545454545453
0.18181818181818182
0.0
0.0
0.2727272727272727
0.09090909090909091
0.6363636363636364
0.0
0.18181818181818182
0.2727272727272727
0.18181818181818182
0.6363636363636364
0.2727272727272727
0.18181818181818182
0.2727272727272727
0.18181818181818182
0.0
0.2727272727272727
0.18181818181818182
0.18181818181818182
0.0
0.0
0.0
0.0
0.2727272727272727
0.0
0.6363636363636364
0.5454545454545454
0.2727272727272727
0.18181818181818182
0.0
0.2727272727272727
0.45454545454545453
0.2727272727272727
0.2
0.0
0.09090909090909091
0.2727272727272727
0.0
0.0
0.2727272727272727
0.5454545454545454
0.18181818181818182
0.0
0.18181818181818182
0.6363636363636364
0.18181818181818182
0.25
0.5454545454545454
0.09090909090909091
0.0
0.0
0.09090909090909091
0.09090909090909091
0.2222222222222222
0.45454545454545453
0.0
0.2727272727272727
0.18181818181818182
0.09090909090909091
0.2727272727272727
0.0
0.09090909090909091
0.5454545454545454
0.0
0.18181818181818182
0.5555555555555556
0.2727272727272727
1.0
0.2727272727272727
0.0
0.0
0.45454545454545453
0.0
0.0
0.18181818181818182
0.18181818181818182
0.0
0.125
0.125
0.4
0.20833333333333334
0.4166666666666667
0.3333333333333333
0.125
0.2916666666666667
0.043478260869565216
0.375
0.125
0.5833333333333334
0.3333333333333333
0.20833333333333334
0.3333333333333333
0.16666666666666666
0.45454545454545453
0.2916666666666667
0.125
0.2
0.0
0.14285714285714285
0.2727272727272727
0.2916666666666667
0.18181818181818182
0.13636363636363635
0.4
0.3333333333333333
0.23529411764705882
0.25
0.6666666666666666
0.25
0.3
0.16666666666666666
0.08333333333333333
0.25
0.3333333333333333
0.1
0.14285714285714285
0.13333333333333333
0.13043478260869565
0.17391304347826086
0.0
0.125
0.6666666666666666
0.2
0.0
0.375
0.2916666666666667
0.5
0.25
0.25
0.15384615384615385
0.05263157894736842
0.17647058823529413
0.20833333333333334
0.16666666666666666
0.3333333333333333
0.4166666666666667
0.25
0.18181818181818182
0.2916666666666667
0.125
0.22727272727272727
0.0
0.0625
0.5833333333333334
0.14285714285714285
0.25
0.2222222222222222
0.20833333333333334
0.2727272727272727
1.0
0.16666666666666666
0.2
0.25
0.16666666666666666
0.125
0.20833333333333334
0.16666666666666666
0.1111111111111111
0.06666666666666667
0.0625
0.1
0.36
0.0
0.2
0.12
0.16666666666666666
0.043478260869565216
0.13333333333333333
0.041666666666666664
0.13333333333333333
0.16666666666666666
0.10344827586206896
0.06666666666666667
0.1
0.18181818181818182
0.13333333333333333
0.13333333333333333
0.0
0.0
0.0
0.2727272727272727
0.16666666666666666
0.18181818181818182
0.0
0.4
0.13333333333333333
0.11764705882352941
0.06666666666666667
0.03333333333333333
0.06666666666666667
0.0
0.0
0.1111111111111111
0.1
0.08333333333333333
0.0
0.0
0.0
0.0
0.08695652173913043
0.0
0.1
0.13333333333333333
0.5
0.0
0.03333333333333333
0.0
0.25
0.125
0.13333333333333333
0.15384615384615385
0.0
0.11764705882352941
0.14285714285714285
0.06666666666666667
0.1111111111111111
0.03333333333333333
0.25
0.0
0.3333333333333333
0.1
0.0
0.0
0.0
0.2
0.0
0.08333333333333333
0.0
0.03333333333333333
0.0
0.16666666666666666
1.0
0.0
0.06666666666666667
0.16666666666666666
0.0
0.1
0.0
0.0
0.4
0.0
0.0
0.2
0.0
0.2
0.4
0.2
0.2
0.4
0.4
0.2
0.2
0.4
0.6
0.2
0.2
0.2
0.2
0.0
0.2
0.0
0.0
0.0
0.4
0.2
0.2
0.0
0.2
0.2
0.2
0.2
0.4
0.2
0.2
0.2
0.2
0.0
0.0
0.2
0.2
0.2
0.0
0.2
0.4
0.0
0.2
0.2
0.0
0.0
0.0
0.4
0.0
0.0
0.0
0.4
0.2
0.0
0.2
0.2
0.2
0.0
0.4
0.0
0.0
0.2
0.4
0.4
0.0
0.0
0.2
0.0
0.2
0.0
1.0
0.4
0.0
0.0
0.4
0.0
0.0
0.2857142857142857
0.0625
0.1
0.2
0.07142857142857142
0.08108108108108109
0.52
0.0967741935483871
0.08695652173913043
0.5918367346938775
0.16666666666666666
0.061224489795918366
0.21875
0.3793103448275862
0.5428571428571428
0.09375
0.2727272727272727
0.375
0.2777777777777778
0.25
0.17142857142857143
0.35714285714285715
0.2727272727272727
0.1
0.45454545454545453
0.36363636363636365
0.2
0.26666666666666666
0.35294117647058826
0.3
0.2682926829268293
0.25806451612903225
0.15
0.4166666666666667
0.07407407407407407
0.3548387096774194
0.2916666666666667
0.2
0.19047619047619047
0.4
0.30434782608695654
0.30434782608695654
0.0
0.0975609756097561
0.31666666666666665
0.0
0.07692307692307693
0.17647058823529413
0.38461538461538464
0.16666666666666666
0.0
0.13793103448275862
0.07692307692307693
0.10526315789473684
0.058823529411764705
0.32142857142857145
0.1282051282051282
0.0
0.32
0.3125
0.13636363636363635
0.06666666666666667
0.2903225806451613
0.045454545454545456
0.14285714285714285
0.125
0.3269230769230769
0.2857142857142857
0.0
0.3333333333333333
0.2857142857142857
0.45454545454545453
0.25
0.06666666666666667
0.4
1.0
0.02564102564102564
0.3125
0.36666666666666664
0.0
0.1111111111111111
0.02857142857142857
0.4375
0.0
0.08
0.10714285714285714
0.35135135135135137
0.04
0.12903225806451613
0.30434782608695654
0.07692307692307693
0.125
0.07692307692307693
0.1875
0.034482758620689655
0.05714285714285714
0.125
0.0
0.03125
0.05555555555555555
0.05
0.08571428571428572
0.07142857142857142
0.0
0.36666666666666664
0.0
0.13636363636363635
0.4
0.0
0.17647058823529413
0.1
0.1282051282051282
0.0967741935483871
0.05
0.08333333333333333
0.0
0.06451612903225806
0.16666666666666666
0.0
0.09523809523809523
0.2
0.0
0.21739130434782608
0.375
0.28205128205128205
0.1794871794871795
0.1
0.0
0.08823529411764706
0.038461538461538464
0.16666666666666666
0.0
0.15384615384615385
0.15384615384615385
0.10526315789473684
0.11764705882352941
0.07142857142857142
0.1794871794871795
0.0
0.28205128205128205
0.125
0.18181818181818182
0.1
0.03225806451612903
0.18181818181818182
0.0
0.0
0.1794871794871795
0.0
0.0
0.1111111111111111
0.1282051282051282
0.0
0.16666666666666666
0.16666666666666666
0.0
0.02564102564102564
1.0
0.0
0.03333333333333333
0.16666666666666666
0.0
0.0
0.0
0.0
0.0
0.0625
0.0
0.125
0.0625
0.0
0.5
0.125
0.1875
0.0
0.125
0.125
0.0625
0.18181818181818182
0.1875
0.125
0.0
0.0625
0.07142857142857142
0.18181818181818182
0.0
0.0
0.1875
0.0
0.2
0.0
0.0
0.25
0.0
0.0
0.0
0.0625
0.125
0.125
0.0
0.125
0.0
0.0625
0.125
0.1875
0.0
0.1875
0.0
0.0
0.0
0.0
0.16666666666666666
0.0
0.1875
0.0
0.0
0.1875
0.0
0.0
0.0
0.125
0.25
0.0625
0.25
0.0
0.25
0.0
0.0
0.3125
0.0
0.0
0.0
0.1875
0.0
0.125
0.0
0.0
0.3125
0.0
1.0
0.3125
0.0
0.0
0.23333333333333334
0.125
0.4
0.12
0.10714285714285714
0.1
0.24
0.13333333333333333
0.08695652173913043
0.43333333333333335
0.16666666666666666
0.16666666666666666
0.23333333333333334
0.4482758620689655
0.4
0.16666666666666666
0.36363636363636365
0.4666666666666667
0.06666666666666667
0.05
0.06666666666666667
0.21428571428571427
0.36363636363636365
0.1
0.45454545454545453
0.18181818181818182
0.2
0.4
0.17647058823529413
0.23333333333333334
0.23333333333333334
0.16666666666666666
0.25
0.3333333333333333
0.14814814814814814
0.13333333333333333
0.08333333333333333
0.0
0.047619047619047616
0.13333333333333333
0.21739130434782608
0.17391304347826086
0.0625
0.1
0.2
0.1
0.07692307692307693
0.2
0.15384615384615385
0.16666666666666666
0.25
0.16666666666666666
0.0
0.05263157894736842
0.058823529411764705
0.17857142857142858
0.13333333333333333
0.2222222222222222
0.1
0.375
0.22727272727272727
0.13333333333333333
0.16666666666666666
0.09090909090909091
0.14285714285714285
0.0625
0.36666666666666664
0.21428571428571427
0.5
0.2222222222222222
0.3333333333333333
0.18181818181818182
0.20833333333333334
0.1
0.4
0.36666666666666664
0.03333333333333333
0.3125
1.0
0.16666666666666666
0.2222222222222222
0.0
0.3333333333333333
0.2
0.16666666666666666
0.16666666666666666
0.25
0.0
0.16666666666666666
0.16666666666666666
0.16666666666666666
0.0
0.16666666666666666
0.16666666666666666
0.16666666666666666
0.16666666666666666
0.16666666666666666
0.18181818181818182
0.16666666666666666
0.0
0.0
0.08333333333333333
0.0
0.18181818181818182
0.0
0.0
0.16666666666666666
0.0
0.16666666666666666
0.0
0.16666666666666666
0.3333333333333333
0.0
0.16666666666666666
0.0
0.16666666666666666
0.08333333333333333
0.0
0.0
0.0
0.0
0.16666666666666666
0.16666666666666666
0.0
0.3333333333333333
0.4166666666666667
0.16666666666666666
0.0
0.16666666666666666
0.16666666666666666
0.16666666666666666
0.25
0.25
0.0
0.0
0.0
0.0
0.16666666666666666
0.2222222222222222
0.16666666666666666
0.0
0.16666666666666666
0.16666666666666666
0.0
0.16666666666666666
0.0
0.0
0.16666666666666666
0.0
0.16666666666666666
0.2222222222222222
0.3333333333333333
0.18181818181818182
0.16666666666666666
0.0
0.0
0.0
0.16666666666666666
0.0
0.16666666666666666
1.0
0.0
0.2222222222222222
0.0
0.0
0.1111111111111111
0.1111111111111111
0.2222222222222222
0.1111111111111111
0.0
0.1111111111111111
0.4444444444444444
0.1111111111111111
0.1111111111111111
0.0
0.4444444444444444
0.2222222222222222
0.1111111111111111
0.0
0.2222222222222222
0.0
0.1111111111111111
0.2222222222222222
0.2222222222222222
0.1111111111111111
0.2222222222222222
0.2222222222222222
0.2222222222222222
0.0
0.0
0.1111111111111111
0.1111111111111111
0.1111111111111111
0.3333333333333333
0.0
0.1111111111111111
0.0
0.2222222222222222
0.0
0.0
0.0
0.1111111111111111
0.1111111111111111
0.1111111111111111
0.0
0.1111111111111111
0.3333333333333333
0.0
0.0
0.1111111111111111
0.2222222222222222
0.0
0.0
0.2222222222222222
0.0
0.1111111111111111
0.2222222222222222
0.1111111111111111
0.1111111111111111
0.0
0.4444444444444444
0.1111111111111111
0.1111111111111111
0.1111111111111111
0.2222222222222222
0.0
0.0
0.0
0.3333333333333333
0.1111111111111111
0.1111111111111111
0.0
0.3333333333333333
0.0
0.1111111111111111
0.0
0.0
0.1111111111111111
0.0
0.0
0.2222222222222222
0.0
1.0
